%!PS
%%BoundingBox: -15 -45 13 46 
%%HiResBoundingBox: -14.69505 -44.77534 12.76003 45.1305 
%%Creator: MetaPost 1.999
%%CreationDate: 2021.08.16:1551
%%Pages: 1
%%BeginProlog
%%EndProlog
%%Page: 1 1
 0 0 0 1 setcmykcolor 0 0.7 dtransform truncate idtransform setlinewidth pop
 [] 0 setdash 1 setlinecap 1 setlinejoin 10 setmiterlimit
newpath -2.48 8.51 moveto
-2.84 5.55 -2.84 5.82 -1.76 3.03 curveto
-0.68 0.24 2.93 -5.07 4.09 -7.05 curveto
5.26 -9.03 6.78 -10.3 4.98 -11.29 curveto
3.18 -12.27 3.45 -13.81 2.1 -14.79 curveto
0.75 -15.78 -0.33 -15.42 0.39 -17.04 curveto
1.1 -18.66 1.46 -18.3 2.82 -19.84 curveto
4.17 -21.37 5.34 -23.99 5.7 -24.44 curveto
6.06 -24.89 2.18 -25.25 1.01 -25.97 curveto
-0.16 -26.69 -0.79 -26.43 -0.6 -27.69 curveto
-0.42 -28.94 -0.51 -28.67 -1.23 -29.58 curveto
-1.95 -30.48 -1.95 -31.2 -1.95 -32.45 curveto
-1.94 -33.71 -3.83 -37.77 -1.76 -40.01 curveto
0.31 -42.26 1.75 -43.07 2.47 -43.25 curveto
3.19 -43.43 1.84 -40.1 2.92 -40.28 curveto
4 -40.46 4 -40.64 4 -40.64 curveto stroke
newpath -2.03 11.48 moveto
-2.03 11.48 -2.93 11.3 -3.74 11.48 curveto stroke
newpath -4.55 8.96 moveto
-4.55 8.96 -2.57 9.05 -2.48 8.51 curveto stroke
 0 0.35 dtransform truncate idtransform setlinewidth pop
newpath -14.52005 38.26997 moveto
-14.52005 39.20337 -13.11996 39.20337 -13.11996 38.26997 curveto
-13.11996 37.6184 -13.82 37.17155 -13.82 36.51997 curveto stroke
 0 0.84 dtransform truncate idtransform setlinewidth pop
newpath -13.82 35.47002 moveto 0 0 rlineto stroke
 0.83 0.54 0 0 setcmykcolor 0 0.24501
 dtransform truncate idtransform setlinewidth pop
newpath -4.64 43.7 moveto
-4.25865 45.23595 -2.07463 45.51994 -0.99281 44.00983 curveto
-0.22467 42.93758 1.2722 42.84677 2.55162 43.34683 curveto
4.0545 43.93423 5.61604 42.57805 5.30305 40.93137 curveto
5.05638 39.63353 6.16476 38.58226 7.42458 37.9794 curveto
9.26328 37.09952 8.82855 34.56123 7.09021 34.39922 curveto
5.35461 34.23744 4.81076 31.8538 6.4289 30.82127 curveto
8.0437 29.79088 8.49855 27.87807 7.27362 27.26157 curveto
5.82426 26.5321 7.8308 25.17047 8.49 23.81 curveto
8.49 23.81 lineto stroke
newpath 6.34492 27.18622 moveto
6.31558 26.95654 6.2189 26.73451 6.04535 26.53331 curveto
4.98547 25.30472 7.36034 24.81464 8.49 23.81 curveto
8.49 23.81 lineto
8.49 23.81 lineto
8.40163 25.31918 7.06891 27.34503 8.6871 27.46431 curveto
8.95209 27.48384 9.17746 27.57248 9.36061 27.71414 curveto
 closepath stroke
newpath 6.34492 27.18622 moveto
6.31558 26.95654 6.2189 26.73451 6.04535 26.53331 curveto
4.98547 25.30472 7.36034 24.81464 8.49 23.81 curveto
8.49 23.81 lineto
8.49 23.81 lineto
8.40163 25.31918 7.06891 27.34503 8.6871 27.46431 curveto
8.95209 27.48384 9.17746 27.57248 9.36061 27.71414 curveto
 closepath fill
newpath -2.05 -26.16 moveto
-1.12921 -27.25061 -1.75133 -28.93553 -3.19403 -29.56082 curveto
-4.64395 -30.18925 -5.17117 -31.94977 -4.17198 -33.01245 curveto
-3.0999 -34.15265 -3.34816 -35.97264 -4.69653 -36.5558 curveto
-6.56157 -37.36243 -6.09293 -39.9931 -4.26254 -40.09697 curveto
-2.9088 -40.17378 -1.83693 -41.28024 -1.8729 -42.62354 curveto
-1.91165 -44.07092 0.10988 -43.8302 1.11998 -44.59999 curveto
1.12 -44.6 lineto stroke
newpath -2.68988 -43.3815 moveto
-2.57379 -43.54414 -2.4763 -43.72395 -2.40143 -43.91936 curveto
-1.88333 -45.2714 -0.10783 -44.27538 1.11998 -44.59999 curveto
1.12 -44.6 lineto
1.11998 -44.59999 lineto
0.48137 -43.50224 -1.4784 -42.95102 -0.88867 -41.62865 curveto
-0.80345 -41.43755 -0.74524 -41.24147 -0.71231 -41.04437 curveto
 closepath stroke
newpath -2.68988 -43.3815 moveto
-2.57379 -43.54414 -2.4763 -43.72395 -2.40143 -43.91936 curveto
-1.88333 -45.2714 -0.10783 -44.27538 1.11998 -44.59999 curveto
1.12 -44.6 lineto
1.11998 -44.59999 lineto
0.48137 -43.50224 -1.4784 -42.95102 -0.88867 -41.62865 curveto
-0.80345 -41.43755 -0.74524 -41.24147 -0.71231 -41.04437 curveto
 closepath fill
 0 0 0 1 setcmykcolor 0.35
 0 dtransform exch truncate exch idtransform pop setlinewidth
newpath 10.66 14.89 moveto
10.66 2.28998 lineto stroke
 0 0.35 dtransform truncate idtransform setlinewidth pop
newpath 9.26003 12.43996 moveto
10.2199 12.78932 10.66 13.83952 10.66 14.89 curveto stroke
newpath 12.05998 12.43996 moveto
11.10011 12.78932 10.66 13.83952 10.66 14.89 curveto stroke
newpath 10.66 2.28998 moveto
12.05998 0.89 lineto stroke
newpath 10.66 3.68996 moveto
12.05998 2.28998 lineto stroke
newpath 10.66 5.08994 moveto
12.05998 3.68996 lineto stroke
-1 THsetalpha
 0 0 0.2 0 setcmykcolor
newpath 12.76003 8.24002 moveto
12.76003 8.79701 12.53873 9.33112 12.14491 9.72493 curveto
11.7511 10.11874 11.217 10.34004 10.66 10.34004 curveto
10.10301 10.34004 9.56891 10.11874 9.1751 9.72493 curveto
8.78128 9.33112 8.55998 8.79701 8.55998 8.24002 curveto
8.55998 7.68303 8.78128 7.14893 9.1751 6.75511 curveto
9.56891 6.3613 10.10301 6.14 10.66 6.14 curveto
11.217 6.14 11.7511 6.3613 12.14491 6.75511 curveto
12.53873 7.14893 12.76003 7.68303 12.76003 8.24002 curveto closepath fill
 0 0 0 1 setcmykcolor
newpath 9.44759 7.53998 moveto
11.87242 8.93996 lineto stroke
newpath 11.87242 7.53998 moveto
9.44759 8.93996 lineto stroke
 0.35 0 dtransform exch truncate exch idtransform pop setlinewidth
newpath 10.66 6.84004 moveto
10.66 9.64 lineto stroke
-1 THsetalpha
 0 0 0.2 0 setcmykcolor
newpath 11.71002 8.24002 moveto
11.71002 8.51851 11.59937 8.78557 11.40245 8.98247 curveto
11.20555 9.17938 10.93849 9.29004 10.66 9.29004 curveto
10.38152 9.29004 10.11446 9.17938 9.91756 8.98247 curveto
9.72064 8.78557 9.60999 8.51851 9.60999 8.24002 curveto
9.60999 7.96153 9.72064 7.69447 9.91756 7.49757 curveto
10.11446 7.30066 10.38152 7.19 10.66 7.19 curveto
10.93849 7.19 11.20555 7.30066 11.40245 7.49757 curveto
11.59937 7.69447 11.71002 7.96153 11.71002 8.24002 curveto closepath fill
 0 0 0 1 setcmykcolor 0 0.35 dtransform truncate idtransform setlinewidth pop
newpath 11.36 8.24002 moveto
11.36 8.42567 11.28622 8.60371 11.15497 8.73499 curveto
11.0237 8.86624 10.84566 8.94002 10.66 8.94002 curveto
10.47435 8.94002 10.29631 8.86624 10.16504 8.73499 curveto
10.03378 8.60371 9.96 8.42567 9.96 8.24002 curveto
9.96 8.05437 10.03378 7.87633 10.16504 7.74506 curveto
10.29631 7.6138 10.47435 7.54002 10.66 7.54002 curveto
10.84566 7.54002 11.0237 7.6138 11.15497 7.74506 curveto
11.28622 7.87633 11.36 8.05437 11.36 8.24002 curveto closepath stroke
newpath -9.66005 11.89998 moveto
-9.66005 12.83337 -8.25996 12.83337 -8.25996 11.89998 curveto
-8.25996 11.2484 -8.96 10.80156 -8.96 10.14998 curveto stroke
 0 0.84 dtransform truncate idtransform setlinewidth pop
newpath -8.96 9.10002 moveto 0 0 rlineto stroke
 0 0.7 dtransform truncate idtransform setlinewidth pop
newpath -9.32 34.89 moveto
-9.32 34.89 -7.34 36.06 -5.45 35.88 curveto
-3.56 35.7 -1.67 35.96 -2.21 34.52 curveto
-2.75 33.08 -3.65 33.44 -2.75 31.46 curveto
-1.85 29.48 1.03 29.75 0.58 27.5 curveto
0.13 25.25 2.46 25.97 0.75 20.66 curveto
-0.96 15.35 -1.67 14.45 -2.03 11.48 curveto stroke
newpath 6.52 -37.49 moveto
6.52 -37.49 5.62 -36.59 4 -35.69 curveto
2.38 -34.79 1.75 -35.69 2.19 -33.44 curveto
2.64 -31.19 1.38 -29.84 4.53 -29.21 curveto
7.68 -28.58 8.67 -28.22 8.58 -27.32 curveto
8.49 -26.42 9.03 -24.98 8.04 -23.45 curveto
7.05 -21.91 5.07 -20.11 4.62 -18.94 curveto
4.17 -17.77 2.82 -15.69 4.08 -15.07 curveto
5.34 -14.44 7.77 -13.45 7.86 -12.55 curveto
7.95 -11.65 9.84 -8.05 9.31 -6.88 curveto
8.77 -5.71 9.22 -3.09 7.78 -2.73 curveto
6.34 -2.37 6.52 -1.65 5.35 1.23 curveto
4.18 4.11 3.73 10.5 4.26 12.29 curveto
4.8 14.09 5.88 15.8 7.23 17.15 curveto
8.58 18.5 8.4 20.21 7.23 22.91 curveto
6.06 25.6 4.98 27.76 5.17 29.92 curveto
5.35 32.08 6.25 34.24 5.71 35.96 curveto
5.17 37.67 4.09 40.1 2.65 40.46 curveto
1.21 40.82 1.12 42.53 -1.31 41.81 curveto
-3.74 41.09 -3.11 41.45 -5.09 39.66 curveto
-7.07 37.86 -7.52 37.23 -8.6 36.96 curveto
-9.68 36.69 -10.76 36.51 -10.76 36.51 curveto stroke
-1 THsetalpha
 0 0 0.2 0 setcmykcolor
newpath 0.325 -33.04 moveto
0.325 -32.80792 0.23279 -32.58537 0.06871 -32.42128 curveto
-0.09538 -32.2572 -0.31793 -32.165 -0.55 -32.165 curveto
-0.78207 -32.165 -1.00462 -32.2572 -1.16872 -32.42128 curveto
-1.3328 -32.58537 -1.425 -32.80792 -1.425 -33.04 curveto
-1.425 -33.27206 -1.3328 -33.49461 -1.16872 -33.6587 curveto
-1.00462 -33.82278 -0.78207 -33.915 -0.55 -33.915 curveto
-0.31793 -33.915 -0.09538 -33.82278 0.06871 -33.6587 curveto
0.23279 -33.49461 0.325 -33.27206 0.325 -33.04 curveto closepath fill
 0.1 0.88333 0 0.4 setcmykcolor 0 0.35
 dtransform truncate idtransform setlinewidth pop
newpath 0.325 -33.04 moveto
0.325 -32.80792 0.23279 -32.58537 0.06871 -32.42128 curveto
-0.09538 -32.2572 -0.31793 -32.165 -0.55 -32.165 curveto
-0.78207 -32.165 -1.00462 -32.2572 -1.16872 -32.42128 curveto
-1.3328 -32.58537 -1.425 -32.80792 -1.425 -33.04 curveto
-1.425 -33.27206 -1.3328 -33.49461 -1.16872 -33.6587 curveto
-1.00462 -33.82278 -0.78207 -33.915 -0.55 -33.915 curveto
-0.31793 -33.915 -0.09538 -33.82278 0.06871 -33.6587 curveto
0.23279 -33.49461 0.325 -33.27206 0.325 -33.04 curveto closepath stroke
-1 THsetalpha
 0 0 0.2 0 setcmykcolor
newpath 2.635 -26.12 moveto
2.635 -25.88792 2.54279 -25.66537 2.37871 -25.50128 curveto
2.21461 -25.3372 1.99207 -25.245 1.76 -25.245 curveto
1.52792 -25.245 1.30537 -25.3372 1.14128 -25.50128 curveto
0.9772 -25.66537 0.885 -25.88792 0.885 -26.12 curveto
0.885 -26.35207 0.9772 -26.57462 1.14128 -26.73871 curveto
1.30537 -26.90279 1.52792 -26.995 1.76 -26.995 curveto
1.99207 -26.995 2.21461 -26.90279 2.37871 -26.73871 curveto
2.54279 -26.57462 2.635 -26.35207 2.635 -26.12 curveto closepath fill
 0.1 0.88333 0 0.4 setcmykcolor
newpath 2.635 -26.12 moveto
2.635 -25.88792 2.54279 -25.66537 2.37871 -25.50128 curveto
2.21461 -25.3372 1.99207 -25.245 1.76 -25.245 curveto
1.52792 -25.245 1.30537 -25.3372 1.14128 -25.50128 curveto
0.9772 -25.66537 0.885 -25.88792 0.885 -26.12 curveto
0.885 -26.35207 0.9772 -26.57462 1.14128 -26.73871 curveto
1.30537 -26.90279 1.52792 -26.995 1.76 -26.995 curveto
1.99207 -26.995 2.21461 -26.90279 2.37871 -26.73871 curveto
2.54279 -26.57462 2.635 -26.35207 2.635 -26.12 curveto closepath stroke
-1 THsetalpha
 0 0 0.2 0 setcmykcolor
newpath 9.105 -26.34 moveto
9.105 -26.10793 9.01279 -25.88538 8.84871 -25.72128 curveto
8.68462 -25.5572 8.46207 -25.465 8.23 -25.465 curveto
7.99792 -25.465 7.77538 -25.5572 7.61128 -25.72128 curveto
7.4472 -25.88538 7.355 -26.10793 7.355 -26.34 curveto
7.355 -26.57207 7.4472 -26.79462 7.61128 -26.95871 curveto
7.77538 -27.12279 7.99792 -27.215 8.23 -27.215 curveto
8.46207 -27.215 8.68462 -27.12279 8.84871 -26.95871 curveto
9.01279 -26.79462 9.105 -26.57207 9.105 -26.34 curveto closepath fill
 0.1 0.88333 0 0.4 setcmykcolor
newpath 9.105 -26.34 moveto
9.105 -26.10793 9.01279 -25.88538 8.84871 -25.72128 curveto
8.68462 -25.5572 8.46207 -25.465 8.23 -25.465 curveto
7.99792 -25.465 7.77538 -25.5572 7.61128 -25.72128 curveto
7.4472 -25.88538 7.355 -26.10793 7.355 -26.34 curveto
7.355 -26.57207 7.4472 -26.79462 7.61128 -26.95871 curveto
7.77538 -27.12279 7.99792 -27.215 8.23 -27.215 curveto
8.46207 -27.215 8.68462 -27.12279 8.84871 -26.95871 curveto
9.01279 -26.79462 9.105 -26.57207 9.105 -26.34 curveto closepath stroke
-1 THsetalpha
 0 0 0.2 0 setcmykcolor
newpath 2.725 -17.17 moveto
2.725 -16.93793 2.6328 -16.71538 2.46872 -16.55128 curveto
2.30463 -16.3872 2.08208 -16.295 1.85 -16.295 curveto
1.61794 -16.295 1.39539 -16.3872 1.2313 -16.55128 curveto
1.06721 -16.71538 0.975 -16.93793 0.975 -17.17 curveto
0.975 -17.40207 1.06721 -17.62462 1.2313 -17.78871 curveto
1.39539 -17.95279 1.61794 -18.045 1.85 -18.045 curveto
2.08208 -18.045 2.30463 -17.95279 2.46872 -17.78871 curveto
2.6328 -17.62462 2.725 -17.40207 2.725 -17.17 curveto closepath fill
 0.1 0.88333 0 0.4 setcmykcolor
newpath 2.725 -17.17 moveto
2.725 -16.93793 2.6328 -16.71538 2.46872 -16.55128 curveto
2.30463 -16.3872 2.08208 -16.295 1.85 -16.295 curveto
1.61794 -16.295 1.39539 -16.3872 1.2313 -16.55128 curveto
1.06721 -16.71538 0.975 -16.93793 0.975 -17.17 curveto
0.975 -17.40207 1.06721 -17.62462 1.2313 -17.78871 curveto
1.39539 -17.95279 1.61794 -18.045 1.85 -18.045 curveto
2.08208 -18.045 2.30463 -17.95279 2.46872 -17.78871 curveto
2.6328 -17.62462 2.725 -17.40207 2.725 -17.17 curveto closepath stroke
-1 THsetalpha
 0 0 0.2 0 setcmykcolor
newpath 9.585 -9.38 moveto
9.585 -9.14793 9.4928 -8.92538 9.32872 -8.76129 curveto
9.16463 -8.59721 8.94208 -8.505 8.71 -8.505 curveto
8.47794 -8.505 8.25539 -8.59721 8.0913 -8.76129 curveto
7.92722 -8.92538 7.835 -9.14793 7.835 -9.38 curveto
7.835 -9.61208 7.92722 -9.83463 8.0913 -9.99872 curveto
8.25539 -10.1628 8.47794 -10.255 8.71 -10.255 curveto
8.94208 -10.255 9.16463 -10.1628 9.32872 -9.99872 curveto
9.4928 -9.83463 9.585 -9.61208 9.585 -9.38 curveto closepath fill
 0.1 0.88333 0 0.4 setcmykcolor
newpath 9.585 -9.38 moveto
9.585 -9.14793 9.4928 -8.92538 9.32872 -8.76129 curveto
9.16463 -8.59721 8.94208 -8.505 8.71 -8.505 curveto
8.47794 -8.505 8.25539 -8.59721 8.0913 -8.76129 curveto
7.92722 -8.92538 7.835 -9.14793 7.835 -9.38 curveto
7.835 -9.61208 7.92722 -9.83463 8.0913 -9.99872 curveto
8.25539 -10.1628 8.47794 -10.255 8.71 -10.255 curveto
8.94208 -10.255 9.16463 -10.1628 9.32872 -9.99872 curveto
9.4928 -9.83463 9.585 -9.61208 9.585 -9.38 curveto closepath stroke
-1 THsetalpha
 0 0 0.2 0 setcmykcolor
newpath 5.155 -5.83 moveto
5.155 -5.59793 5.06279 -5.37538 4.89871 -5.21129 curveto
4.73462 -5.04721 4.51207 -4.955 4.28 -4.955 curveto
4.04793 -4.955 3.82538 -5.04721 3.66129 -5.21129 curveto
3.49721 -5.37538 3.405 -5.59793 3.405 -5.83 curveto
3.405 -6.06207 3.49721 -6.28462 3.66129 -6.44872 curveto
3.82538 -6.6128 4.04793 -6.705 4.28 -6.705 curveto
4.51207 -6.705 4.73462 -6.6128 4.89871 -6.44872 curveto
5.06279 -6.28462 5.155 -6.06207 5.155 -5.83 curveto closepath fill
 0.1 0.88333 0 0.4 setcmykcolor
newpath 5.155 -5.83 moveto
5.155 -5.59793 5.06279 -5.37538 4.89871 -5.21129 curveto
4.73462 -5.04721 4.51207 -4.955 4.28 -4.955 curveto
4.04793 -4.955 3.82538 -5.04721 3.66129 -5.21129 curveto
3.49721 -5.37538 3.405 -5.59793 3.405 -5.83 curveto
3.405 -6.06207 3.49721 -6.28462 3.66129 -6.44872 curveto
3.82538 -6.6128 4.04793 -6.705 4.28 -6.705 curveto
4.51207 -6.705 4.73462 -6.6128 4.89871 -6.44872 curveto
5.06279 -6.28462 5.155 -6.06207 5.155 -5.83 curveto closepath stroke
-1 THsetalpha
 0 0 0.2 0 setcmykcolor
newpath 2.385 20.89 moveto
2.385 21.12207 2.29279 21.34462 2.12871 21.50871 curveto
1.96461 21.67279 1.74207 21.765 1.51 21.765 curveto
1.27792 21.765 1.05537 21.67279 0.89128 21.50871 curveto
0.7272 21.34462 0.635 21.12207 0.635 20.89 curveto
0.635 20.65793 0.7272 20.43538 0.89128 20.27129 curveto
1.05537 20.10721 1.27792 20.015 1.51 20.015 curveto
1.74207 20.015 1.96461 20.10721 2.12871 20.27129 curveto
2.29279 20.43538 2.385 20.65793 2.385 20.89 curveto closepath fill
 0.1 0.88333 0 0.4 setcmykcolor
newpath 2.385 20.89 moveto
2.385 21.12207 2.29279 21.34462 2.12871 21.50871 curveto
1.96461 21.67279 1.74207 21.765 1.51 21.765 curveto
1.27792 21.765 1.05537 21.67279 0.89128 21.50871 curveto
0.7272 21.34462 0.635 21.12207 0.635 20.89 curveto
0.635 20.65793 0.7272 20.43538 0.89128 20.27129 curveto
1.05537 20.10721 1.27792 20.015 1.51 20.015 curveto
1.74207 20.015 1.96461 20.10721 2.12871 20.27129 curveto
2.29279 20.43538 2.385 20.65793 2.385 20.89 curveto closepath stroke
-1 THsetalpha
 0 0 0.2 0 setcmykcolor
newpath 2.515 35.4 moveto
2.515 35.63206 2.42279 35.85461 2.25871 36.0187 curveto
2.09462 36.18279 1.87207 36.275 1.64 36.275 curveto
1.40793 36.275 1.18538 36.18279 1.02129 36.0187 curveto
0.85721 35.85461 0.765 35.63206 0.765 35.4 curveto
0.765 35.16792 0.85721 34.94537 1.02129 34.78128 curveto
1.18538 34.6172 1.40793 34.525 1.64 34.525 curveto
1.87207 34.525 2.09462 34.6172 2.25871 34.78128 curveto
2.42279 34.94537 2.515 35.16792 2.515 35.4 curveto closepath fill
 0.1 0.88333 0 0.4 setcmykcolor
newpath 2.515 35.4 moveto
2.515 35.63206 2.42279 35.85461 2.25871 36.0187 curveto
2.09462 36.18279 1.87207 36.275 1.64 36.275 curveto
1.40793 36.275 1.18538 36.18279 1.02129 36.0187 curveto
0.85721 35.85461 0.765 35.63206 0.765 35.4 curveto
0.765 35.16792 0.85721 34.94537 1.02129 34.78128 curveto
1.18538 34.6172 1.40793 34.525 1.64 34.525 curveto
1.87207 34.525 2.09462 34.6172 2.25871 34.78128 curveto
2.42279 34.94537 2.515 35.16792 2.515 35.4 curveto closepath stroke
-1 THsetalpha
 0 0 0.2 0 setcmykcolor
newpath 3.785 39.88 moveto
3.785 40.11208 3.6928 40.33463 3.52872 40.49872 curveto
3.36462 40.6628 3.14207 40.755 2.91 40.755 curveto
2.67793 40.755 2.45538 40.6628 2.29129 40.49872 curveto
2.12721 40.33463 2.035 40.11208 2.035 39.88 curveto
2.035 39.64793 2.12721 39.42538 2.29129 39.26129 curveto
2.45538 39.09721 2.67793 39.005 2.91 39.005 curveto
3.14207 39.005 3.36462 39.09721 3.52872 39.26129 curveto
3.6928 39.42538 3.785 39.64793 3.785 39.88 curveto closepath fill
 0.1 0.88333 0 0.4 setcmykcolor
newpath 3.785 39.88 moveto
3.785 40.11208 3.6928 40.33463 3.52872 40.49872 curveto
3.36462 40.6628 3.14207 40.755 2.91 40.755 curveto
2.67793 40.755 2.45538 40.6628 2.29129 40.49872 curveto
2.12721 40.33463 2.035 40.11208 2.035 39.88 curveto
2.035 39.64793 2.12721 39.42538 2.29129 39.26129 curveto
2.45538 39.09721 2.67793 39.005 2.91 39.005 curveto
3.14207 39.005 3.36462 39.09721 3.52872 39.26129 curveto
3.6928 39.42538 3.785 39.64793 3.785 39.88 curveto closepath stroke
-1 THsetalpha
 0 0 0.2 0 setcmykcolor
newpath -7.915 35.79 moveto
-7.915 36.02206 -8.0072 36.24461 -8.17128 36.4087 curveto
-8.33537 36.57278 -8.55792 36.665 -8.79 36.665 curveto
-9.02206 36.665 -9.24461 36.57278 -9.4087 36.4087 curveto
-9.57278 36.24461 -9.665 36.02206 -9.665 35.79 curveto
-9.665 35.55792 -9.57278 35.33537 -9.4087 35.17128 curveto
-9.24461 35.0072 -9.02206 34.915 -8.79 34.915 curveto
-8.55792 34.915 -8.33537 35.0072 -8.17128 35.17128 curveto
-8.0072 35.33537 -7.915 35.55792 -7.915 35.79 curveto closepath fill
 0.1 0.88333 0 0.4 setcmykcolor
newpath -7.915 35.79 moveto
-7.915 36.02206 -8.0072 36.24461 -8.17128 36.4087 curveto
-8.33537 36.57278 -8.55792 36.665 -8.79 36.665 curveto
-9.02206 36.665 -9.24461 36.57278 -9.4087 36.4087 curveto
-9.57278 36.24461 -9.665 36.02206 -9.665 35.79 curveto
-9.665 35.55792 -9.57278 35.33537 -9.4087 35.17128 curveto
-9.24461 35.0072 -9.02206 34.915 -8.79 34.915 curveto
-8.55792 34.915 -8.33537 35.0072 -8.17128 35.17128 curveto
-8.0072 35.33537 -7.915 35.55792 -7.915 35.79 curveto closepath stroke
showpage
%%EOF
