%!PS
%%BoundingBox: -23 -39 28 35 
%%HiResBoundingBox: -22.97252 -38.5382 27.7725 34.23251 
%%Creator: MetaPost 1.999
%%CreationDate: 2021.08.16:1551
%%Pages: 1
%%BeginProlog
%%EndProlog
%%Page: 1 1
 0 0.24501 dtransform truncate idtransform setlinewidth pop [] 0 setdash
 1 setlinecap 1 setlinejoin 10 setmiterlimit
newpath 27.65 -22.85 moveto
27.65 -22.85 24.06 -24.3 23.2 -25.31 curveto
22.23 -26.42 21.69 -27.18 21.65 -29.57 curveto
21.61 -31.92 22.56 -34.73 20.17 -33.87 curveto
17.8 -33.02 7.43 -28.35 6.37 -30.13 curveto
5.28 -31.93 5.66 -35.71 4.04 -34.99 curveto
2.41 -34.27 2.78 -35.71 0.97 -32.66 curveto
-0.84 -29.6 -2.02 -26.1 -3.7 -23.33 curveto
-5.42 -20.52 -6.15 -19.15 -6.04 -16.65 curveto
-5.93 -14.17 -5.58 -7.74 -6.95 -6.64 curveto
-8.28 -5.58 -12.11 -1.49 -12.85 -0.29 curveto
-13.57 0.87 -9.42 14.66 -9.44 17 curveto
-9.45 19.37 -7.78 24.06 -8.36 25.92 curveto
-8.93 27.73 -9.64 29 -9.61 30.76 curveto
-9.57 32.52 -9.35 34.11 -9.35 34.11 curveto stroke
newpath -10.71 33.93 moveto
-10.71 33.93 -11.23 30.95 -11.97 29.52 curveto
-12.7 28.09 -16.62 28.94 -16.59 26.86 curveto
-16.56 24.74 -15.24 3.47 -16.97 3.1 curveto
-18.59 2.76 -21.69 3.82 -21.69 3.82 curveto stroke
newpath -22.85 0.99 moveto
-22.85 0.99 -19.31 -0.93 -16.58 -2.94 curveto
-13.04 -5.55 -9.1 -5.52 -8.46 -8.73 curveto
-7.81 -12.03 -8.47 -17.28 -7.58 -19.24 curveto
-6.67 -21.24 -3.45 -28.87 -2.55 -30.41 curveto
-1.64 -31.95 0.16 -34.9 1.7 -36.52 curveto
3.23 -38.15 4.85 -39.13 5.75 -37.78 curveto
6.64 -36.43 6.01 -33.19 8.52 -33.66 curveto
11.02 -34.14 20.92 -37.28 22.11 -36.63 curveto
23.28 -35.99 23.87 -34.57 23.8 -33.33 curveto
23.73 -32.09 25.43 -30.67 26.22 -30.07 curveto
26.93 -29.52 27.24 -29.02 27.24 -29.02 curveto stroke
showpage
%%EOF
