%!PS
%%BoundingBox: -35 -22 31 29 
%%HiResBoundingBox: -34.61212 -21.6411 30.5 28.02287 
%%Creator: MetaPost 1.999
%%CreationDate: 2021.08.16:1551
%%Pages: 1
%%BeginProlog
%%EndProlog
%%Page: 1 1
 0 0 0 1 setcmykcolor 0 0.7 dtransform truncate idtransform setlinewidth pop
 [] 0 setdash 1 setlinecap 1 setlinejoin 10 setmiterlimit
newpath 30.15 -10.62 moveto
30.15 -10.62 27.99 -12.6 25.65 -11.88 curveto
23.31 -11.16 23.31 -10.98 20.07 -7.56 curveto
16.83 -4.14 16.65 -0.36 13.05 -1.98 curveto
9.45 -3.6 3.15 -4.68 1.35 -7.74 curveto
-0.45 -10.8 -0.99 -14.94 -4.05 -12.06 curveto
-7.11 -9.18 -18.09 4.68 -18.09 4.68 curveto stroke
 0 0.35 dtransform truncate idtransform setlinewidth pop
newpath -22.57004 11.11998 moveto
-22.57004 12.05338 -21.16995 12.05338 -21.16995 11.11998 curveto
-21.16995 10.4684 -21.87 10.02156 -21.87 9.36998 curveto stroke
 0 0.84 dtransform truncate idtransform setlinewidth pop
newpath -21.87 8.32002 moveto 0 0 rlineto stroke
 0 0.35 dtransform truncate idtransform setlinewidth pop
newpath -27.12541 15.82722 moveto
-32.56967 27.19023 lineto stroke
newpath -26.9215 18.64163 moveto
-27.63618 17.91183 -27.5793 16.77457 -27.12541 15.82722 curveto stroke
newpath -29.44658 17.43182 moveto
-28.42998 17.5315 -27.5793 16.77457 -27.12541 15.82722 curveto stroke
newpath -32.56967 27.19023 moveto
-34.43712 27.84787 lineto stroke
newpath -31.96477 25.9277 moveto
-33.83221 26.58533 lineto stroke
newpath -31.35985 24.66516 moveto
-33.22731 25.3228 lineto stroke
-1 THsetalpha
 0 0 0.2 0 setcmykcolor
newpath -31.8926 20.91696 moveto
-31.65193 20.41466 -31.22159 20.0286 -30.69627 19.84361 curveto
-30.17097 19.65862 -29.59367 19.68983 -29.09137 19.9305 curveto
-28.58907 20.17116 -28.20302 20.60152 -28.01802 21.12682 curveto
-27.83304 21.65213 -27.86424 22.22942 -28.1049 22.73172 curveto
-28.34558 23.23402 -28.77592 23.62009 -29.30124 23.80507 curveto
-29.82654 23.99007 -30.40384 23.95886 -30.90614 23.7182 curveto
-31.40845 23.47754 -31.7945 23.04716 -31.97949 22.52187 curveto
-32.16447 21.99655 -32.13327 21.41927 -31.8926 20.91696 curveto closepath fill
 0 0 0 1 setcmykcolor
newpath -29.20786 22.97952 moveto
-30.7897 20.66925 lineto stroke
newpath -31.39462 21.9318 moveto
-28.60294 21.71698 lineto stroke
newpath -30.60367 23.08688 moveto
-29.39384 20.5618 lineto stroke
-1 THsetalpha
 0 0 0.2 0 setcmykcolor
newpath -30.94568 21.37065 moveto
-30.82535 21.1195 -30.61017 20.92647 -30.34752 20.83398 curveto
-30.08487 20.74149 -29.7962 20.75708 -29.54506 20.87741 curveto
-29.29391 20.99774 -29.10089 21.21292 -29.0084 21.47559 curveto
-28.9159 21.73824 -28.93149 22.02689 -29.05182 22.27803 curveto
-29.17215 22.52917 -29.38734 22.72221 -29.65 22.8147 curveto
-29.91264 22.9072 -30.20131 22.8916 -30.45245 22.77127 curveto
-30.7036 22.65094 -30.89662 22.43576 -30.9891 22.1731 curveto
-31.08162 21.91045 -31.06601 21.6218 -30.94568 21.37065 curveto closepath fill
 0 0 0 1 setcmykcolor
newpath -30.63002 21.52188 moveto
-30.5498 21.35446 -30.40636 21.22577 -30.23126 21.16411 curveto
-30.05617 21.10245 -29.86374 21.11285 -29.6963 21.19307 curveto
-29.52887 21.27328 -29.40019 21.41675 -29.33853 21.59184 curveto
-29.27687 21.76694 -29.28726 21.95938 -29.36748 22.1268 curveto
-29.44771 22.29424 -29.59116 22.42291 -29.76625 22.48457 curveto
-29.94135 22.54623 -30.13377 22.53583 -30.30121 22.45561 curveto
-30.46864 22.3754 -30.59732 22.23193 -30.65898 22.05684 curveto
-30.72064 21.88174 -30.71025 21.68932 -30.63002 21.52188 curveto closepath stroke
 0 0.7 dtransform truncate idtransform setlinewidth pop
newpath -20.97 3.6 moveto
-20.97 3.6 -4.23 -20.88 -2.43 -21.06 curveto
-0.63 -21.24 0.81 -22.14 2.25 -18.54 curveto
3.69 -14.94 8.01 -3.6 12.69 -6.3 curveto
17.37 -9 16.47 -10.26 20.43 -12.06 curveto
24.39 -13.86 24.03 -13.14 24.03 -13.14 curveto stroke
-1 THsetalpha
 0 0 0.2 0 setcmykcolor
newpath 29.565 -13.73 moveto
29.565 -13.49792 29.4728 -13.27538 29.30872 -13.11128 curveto
29.14462 -12.9472 28.92207 -12.855 28.69 -12.855 curveto
28.45793 -12.855 28.23538 -12.9472 28.07129 -13.11128 curveto
27.90721 -13.27538 27.815 -13.49792 27.815 -13.73 curveto
27.815 -13.96207 27.90721 -14.18462 28.07129 -14.34871 curveto
28.23538 -14.51279 28.45793 -14.605 28.69 -14.605 curveto
28.92207 -14.605 29.14462 -14.51279 29.30872 -14.34871 curveto
29.4728 -14.18462 29.565 -13.96207 29.565 -13.73 curveto closepath fill
 0.1 0.88333 0 0.4 setcmykcolor 0 0.35
 dtransform truncate idtransform setlinewidth pop
newpath 29.565 -13.73 moveto
29.565 -13.49792 29.4728 -13.27538 29.30872 -13.11128 curveto
29.14462 -12.9472 28.92207 -12.855 28.69 -12.855 curveto
28.45793 -12.855 28.23538 -12.9472 28.07129 -13.11128 curveto
27.90721 -13.27538 27.815 -13.49792 27.815 -13.73 curveto
27.815 -13.96207 27.90721 -14.18462 28.07129 -14.34871 curveto
28.23538 -14.51279 28.45793 -14.605 28.69 -14.605 curveto
28.92207 -14.605 29.14462 -14.51279 29.30872 -14.34871 curveto
29.4728 -14.18462 29.565 -13.96207 29.565 -13.73 curveto closepath stroke
-1 THsetalpha
 0 0 0.2 0 setcmykcolor
newpath 22.565 -11.46 moveto
22.565 -11.22794 22.4728 -11.00539 22.30872 -10.8413 curveto
22.14462 -10.67722 21.92207 -10.585 21.69 -10.585 curveto
21.45793 -10.585 21.23538 -10.67722 21.07129 -10.8413 curveto
20.90721 -11.00539 20.815 -11.22794 20.815 -11.46 curveto
20.815 -11.69208 20.90721 -11.91463 21.07129 -12.07872 curveto
21.23538 -12.2428 21.45793 -12.335 21.69 -12.335 curveto
21.92207 -12.335 22.14462 -12.2428 22.30872 -12.07872 curveto
22.4728 -11.91463 22.565 -11.69208 22.565 -11.46 curveto closepath fill
 0.1 0.88333 0 0.4 setcmykcolor
newpath 22.565 -11.46 moveto
22.565 -11.22794 22.4728 -11.00539 22.30872 -10.8413 curveto
22.14462 -10.67722 21.92207 -10.585 21.69 -10.585 curveto
21.45793 -10.585 21.23538 -10.67722 21.07129 -10.8413 curveto
20.90721 -11.00539 20.815 -11.22794 20.815 -11.46 curveto
20.815 -11.69208 20.90721 -11.91463 21.07129 -12.07872 curveto
21.23538 -12.2428 21.45793 -12.335 21.69 -12.335 curveto
21.92207 -12.335 22.14462 -12.2428 22.30872 -12.07872 curveto
22.4728 -11.91463 22.565 -11.69208 22.565 -11.46 curveto closepath stroke
-1 THsetalpha
 0 0 0.2 0 setcmykcolor
newpath 15.355 -2.87 moveto
15.355 -2.63792 15.26279 -2.41537 15.09871 -2.25128 curveto
14.93462 -2.0872 14.71207 -1.995 14.48 -1.995 curveto
14.24792 -1.995 14.02538 -2.0872 13.86128 -2.25128 curveto
13.6972 -2.41537 13.605 -2.63792 13.605 -2.87 curveto
13.605 -3.10207 13.6972 -3.32462 13.86128 -3.48871 curveto
14.02538 -3.65279 14.24792 -3.745 14.48 -3.745 curveto
14.71207 -3.745 14.93462 -3.65279 15.09871 -3.48871 curveto
15.26279 -3.32462 15.355 -3.10207 15.355 -2.87 curveto closepath fill
 0.1 0.88333 0 0.4 setcmykcolor
newpath 15.355 -2.87 moveto
15.355 -2.63792 15.26279 -2.41537 15.09871 -2.25128 curveto
14.93462 -2.0872 14.71207 -1.995 14.48 -1.995 curveto
14.24792 -1.995 14.02538 -2.0872 13.86128 -2.25128 curveto
13.6972 -2.41537 13.605 -2.63792 13.605 -2.87 curveto
13.605 -3.10207 13.6972 -3.32462 13.86128 -3.48871 curveto
14.02538 -3.65279 14.24792 -3.745 14.48 -3.745 curveto
14.71207 -3.745 14.93462 -3.65279 15.09871 -3.48871 curveto
15.26279 -3.32462 15.355 -3.10207 15.355 -2.87 curveto closepath stroke
-1 THsetalpha
 0 0 0.2 0 setcmykcolor
newpath 4.745 -7.59 moveto
4.745 -7.35793 4.65279 -7.13538 4.48871 -6.97128 curveto
4.32462 -6.8072 4.10207 -6.715 3.87 -6.715 curveto
3.63792 -6.715 3.41537 -6.8072 3.25128 -6.97128 curveto
3.0872 -7.13538 2.995 -7.35793 2.995 -7.59 curveto
2.995 -7.82207 3.0872 -8.04462 3.25128 -8.20871 curveto
3.41537 -8.37279 3.63792 -8.465 3.87 -8.465 curveto
4.10207 -8.465 4.32462 -8.37279 4.48871 -8.20871 curveto
4.65279 -8.04462 4.745 -7.82207 4.745 -7.59 curveto closepath fill
 0.1 0.88333 0 0.4 setcmykcolor
newpath 4.745 -7.59 moveto
4.745 -7.35793 4.65279 -7.13538 4.48871 -6.97128 curveto
4.32462 -6.8072 4.10207 -6.715 3.87 -6.715 curveto
3.63792 -6.715 3.41537 -6.8072 3.25128 -6.97128 curveto
3.0872 -7.13538 2.995 -7.35793 2.995 -7.59 curveto
2.995 -7.82207 3.0872 -8.04462 3.25128 -8.20871 curveto
3.41537 -8.37279 3.63792 -8.465 3.87 -8.465 curveto
4.10207 -8.465 4.32462 -8.37279 4.48871 -8.20871 curveto
4.65279 -8.04462 4.745 -7.82207 4.745 -7.59 curveto closepath stroke
-1 THsetalpha
 0 0 0.2 0 setcmykcolor
newpath -0.145 -19.69 moveto
-0.145 -19.45793 -0.23721 -19.23538 -0.40129 -19.07129 curveto
-0.56538 -18.90721 -0.78793 -18.815 -1.02 -18.815 curveto
-1.25208 -18.815 -1.47462 -18.90721 -1.63872 -19.07129 curveto
-1.8028 -19.23538 -1.895 -19.45793 -1.895 -19.69 curveto
-1.895 -19.92207 -1.8028 -20.14462 -1.63872 -20.30872 curveto
-1.47462 -20.4728 -1.25208 -20.565 -1.02 -20.565 curveto
-0.78793 -20.565 -0.56538 -20.4728 -0.40129 -20.30872 curveto
-0.23721 -20.14462 -0.145 -19.92207 -0.145 -19.69 curveto closepath fill
 0.1 0.88333 0 0.4 setcmykcolor
newpath -0.145 -19.69 moveto
-0.145 -19.45793 -0.23721 -19.23538 -0.40129 -19.07129 curveto
-0.56538 -18.90721 -0.78793 -18.815 -1.02 -18.815 curveto
-1.25208 -18.815 -1.47462 -18.90721 -1.63872 -19.07129 curveto
-1.8028 -19.23538 -1.895 -19.45793 -1.895 -19.69 curveto
-1.895 -19.92207 -1.8028 -20.14462 -1.63872 -20.30872 curveto
-1.47462 -20.4728 -1.25208 -20.565 -1.02 -20.565 curveto
-0.78793 -20.565 -0.56538 -20.4728 -0.40129 -20.30872 curveto
-0.23721 -20.14462 -0.145 -19.92207 -0.145 -19.69 curveto closepath stroke
-1 THsetalpha
 0 0 0.2 0 setcmykcolor
newpath -15.765 0.3 moveto
-15.765 0.53207 -15.85721 0.75462 -16.02129 0.91872 curveto
-16.18538 1.0828 -16.40793 1.175 -16.64 1.175 curveto
-16.87207 1.175 -17.09462 1.0828 -17.25871 0.91872 curveto
-17.42279 0.75462 -17.515 0.53207 -17.515 0.3 curveto
-17.515 0.06793 -17.42279 -0.15462 -17.25871 -0.31871 curveto
-17.09462 -0.48279 -16.87207 -0.575 -16.64 -0.575 curveto
-16.40793 -0.575 -16.18538 -0.48279 -16.02129 -0.31871 curveto
-15.85721 -0.15462 -15.765 0.06793 -15.765 0.3 curveto closepath fill
 0.1 0.88333 0 0.4 setcmykcolor
newpath -15.765 0.3 moveto
-15.765 0.53207 -15.85721 0.75462 -16.02129 0.91872 curveto
-16.18538 1.0828 -16.40793 1.175 -16.64 1.175 curveto
-16.87207 1.175 -17.09462 1.0828 -17.25871 0.91872 curveto
-17.42279 0.75462 -17.515 0.53207 -17.515 0.3 curveto
-17.515 0.06793 -17.42279 -0.15462 -17.25871 -0.31871 curveto
-17.09462 -0.48279 -16.87207 -0.575 -16.64 -0.575 curveto
-16.40793 -0.575 -16.18538 -0.48279 -16.02129 -0.31871 curveto
-15.85721 -0.15462 -15.765 0.06793 -15.765 0.3 curveto closepath stroke
showpage
%%EOF
