%!PS
%%BoundingBox: -22 -11 33 17 
%%HiResBoundingBox: -21.1889 -10.77 32.36505 16.09555 
%%Creator: MetaPost 1.999
%%CreationDate: 2021.08.16:1551
%%Pages: 1
%%BeginProlog
%%EndProlog
%%Page: 1 1
 0 0 0 1 setcmykcolor 0 0.7 dtransform truncate idtransform setlinewidth pop
 [] 0 setdash 1 setlinecap 1 setlinejoin 10 setmiterlimit
newpath -20.52 -7.55 moveto
-20.52 -7.55 -21.96 10.08 -18.72 12.78 curveto
-15.48 15.48 -13.14 16.38 -8.11 15.3 curveto
-3.07 14.23 8.63 10.1 13.13 9.38 curveto
17.63 8.66 18.7 -1.98 20.51 -1.26 curveto
22.31 -0.54 24.65 1.44 24.65 1.44 curveto stroke
newpath 26.98 -7.03 moveto
26.98 -7.03 18.69 -11.88 15.82 -6.3 curveto
12.94 -0.71 16.37 1.81 10.97 2.72 curveto
5.57 3.62 -9.18 12.25 -11.16 8.29 curveto
-13.14 4.33 -12.6 -6.65 -13.14 -7.55 curveto
-13.68 -8.44 -13.32 -10.42 -13.32 -10.42 curveto stroke
 0 0.35 dtransform truncate idtransform setlinewidth pop
newpath 30.78996 0.48997 moveto
30.78996 1.42337 32.19005 1.42337 32.19005 0.48997 curveto
32.19005 -0.1616 31.49 -0.60844 31.49 -1.26003 curveto stroke
 0 0.84 dtransform truncate idtransform setlinewidth pop
newpath 31.49 -2.30998 moveto 0 0 rlineto stroke
-1 THsetalpha
 0 0 0.2 0 setcmykcolor
newpath -14.025 11.68 moveto
-14.025 11.91206 -14.1172 12.13461 -14.28128 12.2987 curveto
-14.44537 12.46278 -14.66792 12.555 -14.9 12.555 curveto
-15.13206 12.555 -15.35461 12.46278 -15.5187 12.2987 curveto
-15.68279 12.13461 -15.775 11.91206 -15.775 11.68 curveto
-15.775 11.44792 -15.68279 11.22537 -15.5187 11.06128 curveto
-15.35461 10.8972 -15.13206 10.805 -14.9 10.805 curveto
-14.66792 10.805 -14.44537 10.8972 -14.28128 11.06128 curveto
-14.1172 11.22537 -14.025 11.44792 -14.025 11.68 curveto closepath fill
 0.1 0.88333 0 0.4 setcmykcolor 0 0.35
 dtransform truncate idtransform setlinewidth pop
newpath -14.025 11.68 moveto
-14.025 11.91206 -14.1172 12.13461 -14.28128 12.2987 curveto
-14.44537 12.46278 -14.66792 12.555 -14.9 12.555 curveto
-15.13206 12.555 -15.35461 12.46278 -15.5187 12.2987 curveto
-15.68279 12.13461 -15.775 11.91206 -15.775 11.68 curveto
-15.775 11.44792 -15.68279 11.22537 -15.5187 11.06128 curveto
-15.35461 10.8972 -15.13206 10.805 -14.9 10.805 curveto
-14.66792 10.805 -14.44537 10.8972 -14.28128 11.06128 curveto
-14.1172 11.22537 -14.025 11.44792 -14.025 11.68 curveto closepath stroke
-1 THsetalpha
 0 0 0.2 0 setcmykcolor
newpath 14.285 5.15 moveto
14.285 5.38206 14.1928 5.60461 14.02872 5.7687 curveto
13.86462 5.93279 13.64207 6.025 13.41 6.025 curveto
13.17793 6.025 12.95538 5.93279 12.79129 5.7687 curveto
12.62721 5.60461 12.535 5.38206 12.535 5.15 curveto
12.535 4.91792 12.62721 4.69537 12.79129 4.53128 curveto
12.95538 4.3672 13.17793 4.275 13.41 4.275 curveto
13.64207 4.275 13.86462 4.3672 14.02872 4.53128 curveto
14.1928 4.69537 14.285 4.91792 14.285 5.15 curveto closepath fill
 0.1 0.88333 0 0.4 setcmykcolor
newpath 14.285 5.15 moveto
14.285 5.38206 14.1928 5.60461 14.02872 5.7687 curveto
13.86462 5.93279 13.64207 6.025 13.41 6.025 curveto
13.17793 6.025 12.95538 5.93279 12.79129 5.7687 curveto
12.62721 5.60461 12.535 5.38206 12.535 5.15 curveto
12.535 4.91792 12.62721 4.69537 12.79129 4.53128 curveto
12.95538 4.3672 13.17793 4.275 13.41 4.275 curveto
13.64207 4.275 13.86462 4.3672 14.02872 4.53128 curveto
14.1928 4.69537 14.285 4.91792 14.285 5.15 curveto closepath stroke
-1 THsetalpha
 0 0 0.2 0 setcmykcolor
newpath 20.685 -3.34 moveto
20.685 -3.10793 20.59279 -2.88538 20.42871 -2.72128 curveto
20.26462 -2.5572 20.04207 -2.465 19.81 -2.465 curveto
19.57793 -2.465 19.35538 -2.5572 19.19128 -2.72128 curveto
19.0272 -2.88538 18.935 -3.10793 18.935 -3.34 curveto
18.935 -3.57207 19.0272 -3.79462 19.19128 -3.95871 curveto
19.35538 -4.12279 19.57793 -4.215 19.81 -4.215 curveto
20.04207 -4.215 20.26462 -4.12279 20.42871 -3.95871 curveto
20.59279 -3.79462 20.685 -3.57207 20.685 -3.34 curveto closepath fill
 0.1 0.88333 0 0.4 setcmykcolor
newpath 20.685 -3.34 moveto
20.685 -3.10793 20.59279 -2.88538 20.42871 -2.72128 curveto
20.26462 -2.5572 20.04207 -2.465 19.81 -2.465 curveto
19.57793 -2.465 19.35538 -2.5572 19.19128 -2.72128 curveto
19.0272 -2.88538 18.935 -3.10793 18.935 -3.34 curveto
18.935 -3.57207 19.0272 -3.79462 19.19128 -3.95871 curveto
19.35538 -4.12279 19.57793 -4.215 19.81 -4.215 curveto
20.04207 -4.215 20.26462 -4.12279 20.42871 -3.95871 curveto
20.59279 -3.79462 20.685 -3.57207 20.685 -3.34 curveto closepath stroke
showpage
%%EOF
