%!PS
%%BoundingBox: -28 -56 36 57 
%%HiResBoundingBox: -27.76047 -55.92099 35.9021 56.42001 
%%Creator: MetaPost 1.999
%%CreationDate: 2021.08.16:1551
%%Pages: 1
%%BeginProlog
%%EndProlog
%%Page: 1 1
 0 0 0 1 setcmykcolor 0 0.7 dtransform truncate idtransform setlinewidth pop
 [] 0 setdash 1 setlinecap 1 setlinejoin 10 setmiterlimit
newpath 6.94 51.21 moveto
6.94 51.21 29.08 35.9 29.62 29.97 curveto
30.15 24.04 32.84 15.4 28.52 12.34 curveto
24.19 9.28 19.69 10.54 16.63 8.38 curveto
13.57 6.22 4.57 2.07 2.05 -2.61 curveto
-0.46 -7.29 -6.22 -18.81 -8.73 -24.2 curveto
-11.25 -29.6 -11.78 -37.16 -15.56 -41.3 curveto
-19.34 -45.44 -26.37 -50.31 -26.37 -50.31 curveto stroke
newpath -22.77 -55.35 moveto
-22.77 -55.35 -20.06 -56.07 -16.64 -51.93 curveto
-13.22 -47.78 -9.26 -44.36 -7.64 -39.86 curveto
-6.02 -35.36 -3.52 -25.64 -1 -23.48 curveto
1.52 -21.32 2.06 -13.23 5.11 -13.59 curveto
8.17 -13.95 15.74 -9.63 18.62 -6.93 curveto
21.5 -4.22 22.4 0.46 26.36 4.06 curveto
30.32 7.66 33.73 9.47 33.74 14.86 curveto
33.74 20.26 38.25 29.24 33.04 34.46 curveto
27.82 39.68 11.26 56.07 11.26 56.07 curveto stroke
 0 0.24501 dtransform truncate idtransform setlinewidth pop
newpath 6.28004 -25.37996 moveto
11.88007 -25.37996 lineto
11.88007 -19.77994 lineto
6.28004 -19.77994 lineto
 closepath stroke
 0 0.35 dtransform truncate idtransform setlinewidth pop
newpath 7.33 -22.22998 moveto
7.73015 -22.80042 8.38321 -23.14001 9.08 -23.14001 curveto
9.7768 -23.14001 10.42986 -22.80042 10.83 -22.22998 curveto stroke
 0 1.25995 dtransform truncate idtransform setlinewidth pop
newpath 7.33 -22.22998 moveto 0 0 rlineto stroke
newpath 10.83 -22.22998 moveto 0 0 rlineto stroke
 0 0.35 dtransform truncate idtransform setlinewidth pop
newpath -27.58546 -50.43857 moveto
-25.38081 -51.93687 lineto
-25.74084 -49.42511 lineto
 closepath stroke
newpath -27.04369 -52.58485 moveto
-25.60576 -54.57336 lineto
-24.5861 -52.01021 lineto
 closepath stroke
newpath -24.73283 -53.59975 moveto
-24.19121 -55.74599 lineto
-22.04488 -55.20432 lineto
-23.55342 -52.84547 lineto
 closepath stroke
-1 THsetalpha
 0 0 0.2 0 setcmykcolor
newpath 31.805 31.85 moveto
31.805 32.08208 31.71278 32.30463 31.5487 32.46872 curveto
31.38461 32.6328 31.16206 32.725 30.93 32.725 curveto
30.69792 32.725 30.47537 32.6328 30.31128 32.46872 curveto
30.1472 32.30463 30.055 32.08208 30.055 31.85 curveto
30.055 31.61794 30.1472 31.39539 30.31128 31.2313 curveto
30.47537 31.06721 30.69792 30.975 30.93 30.975 curveto
31.16206 30.975 31.38461 31.06721 31.5487 31.2313 curveto
31.71278 31.39539 31.805 31.61794 31.805 31.85 curveto closepath fill
 0.1 0.88333 0 0.4 setcmykcolor
newpath 31.805 31.85 moveto
31.805 32.08208 31.71278 32.30463 31.5487 32.46872 curveto
31.38461 32.6328 31.16206 32.725 30.93 32.725 curveto
30.69792 32.725 30.47537 32.6328 30.31128 32.46872 curveto
30.1472 32.30463 30.055 32.08208 30.055 31.85 curveto
30.055 31.61794 30.1472 31.39539 30.31128 31.2313 curveto
30.47537 31.06721 30.69792 30.975 30.93 30.975 curveto
31.16206 30.975 31.38461 31.06721 31.5487 31.2313 curveto
31.71278 31.39539 31.805 31.61794 31.805 31.85 curveto closepath stroke
-1 THsetalpha
 0 0 0.2 0 setcmykcolor
newpath 32.835 12.23 moveto
32.835 12.46207 32.7428 12.68462 32.57872 12.84871 curveto
32.41463 13.01279 32.19208 13.105 31.96 13.105 curveto
31.72794 13.105 31.50539 13.01279 31.3413 12.84871 curveto
31.17722 12.68462 31.085 12.46207 31.085 12.23 curveto
31.085 11.99792 31.17722 11.77538 31.3413 11.61128 curveto
31.50539 11.4472 31.72794 11.355 31.96 11.355 curveto
32.19208 11.355 32.41463 11.4472 32.57872 11.61128 curveto
32.7428 11.77538 32.835 11.99792 32.835 12.23 curveto closepath fill
 0.1 0.88333 0 0.4 setcmykcolor
newpath 32.835 12.23 moveto
32.835 12.46207 32.7428 12.68462 32.57872 12.84871 curveto
32.41463 13.01279 32.19208 13.105 31.96 13.105 curveto
31.72794 13.105 31.50539 13.01279 31.3413 12.84871 curveto
31.17722 12.68462 31.085 12.46207 31.085 12.23 curveto
31.085 11.99792 31.17722 11.77538 31.3413 11.61128 curveto
31.50539 11.4472 31.72794 11.355 31.96 11.355 curveto
32.19208 11.355 32.41463 11.4472 32.57872 11.61128 curveto
32.7428 11.77538 32.835 11.99792 32.835 12.23 curveto closepath stroke
-1 THsetalpha
 0 0 0.2 0 setcmykcolor
newpath 4.565 -4.09 moveto
4.565 -3.85793 4.4728 -3.63538 4.30872 -3.47128 curveto
4.14462 -3.3072 3.92207 -3.215 3.69 -3.215 curveto
3.45793 -3.215 3.23538 -3.3072 3.07129 -3.47128 curveto
2.90721 -3.63538 2.815 -3.85793 2.815 -4.09 curveto
2.815 -4.32207 2.90721 -4.54462 3.07129 -4.70871 curveto
3.23538 -4.87279 3.45793 -4.965 3.69 -4.965 curveto
3.92207 -4.965 4.14462 -4.87279 4.30872 -4.70871 curveto
4.4728 -4.54462 4.565 -4.32207 4.565 -4.09 curveto closepath fill
 0.1 0.88333 0 0.4 setcmykcolor
newpath 4.565 -4.09 moveto
4.565 -3.85793 4.4728 -3.63538 4.30872 -3.47128 curveto
4.14462 -3.3072 3.92207 -3.215 3.69 -3.215 curveto
3.45793 -3.215 3.23538 -3.3072 3.07129 -3.47128 curveto
2.90721 -3.63538 2.815 -3.85793 2.815 -4.09 curveto
2.815 -4.32207 2.90721 -4.54462 3.07129 -4.70871 curveto
3.23538 -4.87279 3.45793 -4.965 3.69 -4.965 curveto
3.92207 -4.965 4.14462 -4.87279 4.30872 -4.70871 curveto
4.4728 -4.54462 4.565 -4.32207 4.565 -4.09 curveto closepath stroke
-1 THsetalpha
 0 0 0.2 0 setcmykcolor
newpath -6.275 -24.49 moveto
-6.275 -24.25793 -6.3672 -24.03539 -6.53128 -23.87129 curveto
-6.69537 -23.70721 -6.91792 -23.615 -7.15 -23.615 curveto
-7.38206 -23.615 -7.60461 -23.70721 -7.7687 -23.87129 curveto
-7.93279 -24.03539 -8.025 -24.25793 -8.025 -24.49 curveto
-8.025 -24.72208 -7.93279 -24.94463 -7.7687 -25.10872 curveto
-7.60461 -25.2728 -7.38206 -25.365 -7.15 -25.365 curveto
-6.91792 -25.365 -6.69537 -25.2728 -6.53128 -25.10872 curveto
-6.3672 -24.94463 -6.275 -24.72208 -6.275 -24.49 curveto closepath fill
 0.1 0.88333 0 0.4 setcmykcolor
newpath -6.275 -24.49 moveto
-6.275 -24.25793 -6.3672 -24.03539 -6.53128 -23.87129 curveto
-6.69537 -23.70721 -6.91792 -23.615 -7.15 -23.615 curveto
-7.38206 -23.615 -7.60461 -23.70721 -7.7687 -23.87129 curveto
-7.93279 -24.03539 -8.025 -24.25793 -8.025 -24.49 curveto
-8.025 -24.72208 -7.93279 -24.94463 -7.7687 -25.10872 curveto
-7.60461 -25.2728 -7.38206 -25.365 -7.15 -25.365 curveto
-6.91792 -25.365 -6.69537 -25.2728 -6.53128 -25.10872 curveto
-6.3672 -24.94463 -6.275 -24.72208 -6.275 -24.49 curveto closepath stroke
-1 THsetalpha
 0 0 0.2 0 setcmykcolor
newpath -10.185 -41.38 moveto
-10.185 -41.14793 -10.2772 -40.92538 -10.44128 -40.76129 curveto
-10.60538 -40.59721 -10.82793 -40.505 -11.06 -40.505 curveto
-11.29207 -40.505 -11.51462 -40.59721 -11.67871 -40.76129 curveto
-11.84279 -40.92538 -11.935 -41.14793 -11.935 -41.38 curveto
-11.935 -41.61208 -11.84279 -41.83463 -11.67871 -41.99872 curveto
-11.51462 -42.1628 -11.29207 -42.255 -11.06 -42.255 curveto
-10.82793 -42.255 -10.60538 -42.1628 -10.44128 -41.99872 curveto
-10.2772 -41.83463 -10.185 -41.61208 -10.185 -41.38 curveto closepath fill
 0.1 0.88333 0 0.4 setcmykcolor
newpath -10.185 -41.38 moveto
-10.185 -41.14793 -10.2772 -40.92538 -10.44128 -40.76129 curveto
-10.60538 -40.59721 -10.82793 -40.505 -11.06 -40.505 curveto
-11.29207 -40.505 -11.51462 -40.59721 -11.67871 -40.76129 curveto
-11.84279 -40.92538 -11.935 -41.14793 -11.935 -41.38 curveto
-11.935 -41.61208 -11.84279 -41.83463 -11.67871 -41.99872 curveto
-11.51462 -42.1628 -11.29207 -42.255 -11.06 -42.255 curveto
-10.82793 -42.255 -10.60538 -42.1628 -10.44128 -41.99872 curveto
-10.2772 -41.83463 -10.185 -41.61208 -10.185 -41.38 curveto closepath stroke
-1 THsetalpha
 0 0 0.2 0 setcmykcolor
newpath -19.845 -51.05 moveto
-19.845 -50.81793 -19.93721 -50.59538 -20.10129 -50.43129 curveto
-20.26538 -50.26721 -20.48793 -50.175 -20.72 -50.175 curveto
-20.95207 -50.175 -21.17462 -50.26721 -21.33871 -50.43129 curveto
-21.50279 -50.59538 -21.595 -50.81793 -21.595 -51.05 curveto
-21.595 -51.28207 -21.50279 -51.50462 -21.33871 -51.66872 curveto
-21.17462 -51.8328 -20.95207 -51.925 -20.72 -51.925 curveto
-20.48793 -51.925 -20.26538 -51.8328 -20.10129 -51.66872 curveto
-19.93721 -51.50462 -19.845 -51.28207 -19.845 -51.05 curveto closepath fill
 0.1 0.88333 0 0.4 setcmykcolor
newpath -19.845 -51.05 moveto
-19.845 -50.81793 -19.93721 -50.59538 -20.10129 -50.43129 curveto
-20.26538 -50.26721 -20.48793 -50.175 -20.72 -50.175 curveto
-20.95207 -50.175 -21.17462 -50.26721 -21.33871 -50.43129 curveto
-21.50279 -50.59538 -21.595 -50.81793 -21.595 -51.05 curveto
-21.595 -51.28207 -21.50279 -51.50462 -21.33871 -51.66872 curveto
-21.17462 -51.8328 -20.95207 -51.925 -20.72 -51.925 curveto
-20.48793 -51.925 -20.26538 -51.8328 -20.10129 -51.66872 curveto
-19.93721 -51.50462 -19.845 -51.28207 -19.845 -51.05 curveto closepath stroke
showpage
%%EOF
