%!PS
%%BoundingBox: -11 -44 10 43 
%%HiResBoundingBox: -10.8825 -43.37956 9.5261 42.1076 
%%Creator: MetaPost 1.999
%%CreationDate: 2021.08.16:1551
%%Pages: 1
%%BeginProlog
%%EndProlog
%%Page: 1 1
 0 0.24501 dtransform truncate idtransform setlinewidth pop [] 0 setdash
 1 setlinecap 1 setlinejoin 10 setmiterlimit
newpath 6.52 -37.49 moveto
6.52 -37.49 5.62 -36.59 4 -35.69 curveto
2.38 -34.79 1.75 -35.69 2.19 -33.44 curveto
2.64 -31.19 1.38 -29.84 4.53 -29.21 curveto
7.68 -28.58 8.67 -28.22 8.58 -27.32 curveto
8.49 -26.42 9.03 -24.98 8.04 -23.45 curveto
7.05 -21.91 5.07 -20.11 4.62 -18.94 curveto
4.17 -17.77 2.82 -15.69 4.08 -15.07 curveto
5.34 -14.44 7.77 -13.45 7.86 -12.55 curveto
7.95 -11.65 9.84 -8.05 9.31 -6.88 curveto
8.77 -5.71 9.22 -3.09 7.78 -2.73 curveto
6.34 -2.37 6.52 -1.65 5.35 1.23 curveto
4.18 4.11 3.73 10.5 4.26 12.29 curveto
4.8 14.09 5.88 15.8 7.23 17.15 curveto
8.58 18.5 8.4 20.21 7.23 22.91 curveto
6.06 25.6 4.98 27.76 5.17 29.92 curveto
5.35 32.08 6.25 34.24 5.71 35.96 curveto
5.17 37.67 4.09 40.1 2.65 40.46 curveto
1.21 40.82 1.12 42.53 -1.31 41.81 curveto
-3.74 41.09 -3.11 41.45 -5.09 39.66 curveto
-7.07 37.86 -7.52 37.23 -8.6 36.96 curveto
-9.68 36.69 -10.76 36.51 -10.76 36.51 curveto stroke
newpath -9.32 34.89 moveto
-9.32 34.89 -7.34 36.06 -5.45 35.88 curveto
-3.56 35.7 -1.67 35.96 -2.21 34.52 curveto
-2.75 33.08 -3.65 33.44 -2.75 31.46 curveto
-1.85 29.48 1.03 29.75 0.58 27.5 curveto
0.13 25.25 2.46 25.97 0.75 20.66 curveto
-0.96 15.35 -1.67 14.45 -2.03 11.48 curveto stroke
newpath -2.03 11.48 moveto
-2.03 11.48 -2.93 11.3 -3.74 11.48 curveto stroke
newpath -4.55 8.96 moveto
-4.55 8.96 -2.57 9.05 -2.48 8.51 curveto stroke
newpath -2.48 8.51 moveto
-2.84 5.55 -2.84 5.82 -1.76 3.03 curveto
-0.68 0.24 2.93 -5.07 4.09 -7.05 curveto
5.26 -9.03 6.78 -10.3 4.98 -11.29 curveto
3.18 -12.27 3.45 -13.81 2.1 -14.79 curveto
0.75 -15.78 -0.33 -15.42 0.39 -17.04 curveto
1.1 -18.66 1.46 -18.3 2.82 -19.84 curveto
4.17 -21.37 5.34 -23.99 5.7 -24.44 curveto
6.06 -24.89 2.18 -25.25 1.01 -25.97 curveto
-0.16 -26.69 -0.79 -26.43 -0.6 -27.69 curveto
-0.42 -28.94 -0.51 -28.67 -1.23 -29.58 curveto
-1.95 -30.48 -1.95 -31.2 -1.95 -32.45 curveto
-1.94 -33.71 -3.83 -37.77 -1.76 -40.01 curveto
0.31 -42.26 1.75 -43.07 2.47 -43.25 curveto
3.19 -43.43 1.84 -40.1 2.92 -40.28 curveto
4 -40.46 4 -40.64 4 -40.64 curveto stroke
showpage
%%EOF
