%!PS
%%BoundingBox: -13 -39 13 18 
%%HiResBoundingBox: -12.95001 -38.87001 12.95001 17.76802 
%%Creator: MetaPost 1.999
%%CreationDate: 2021.08.16:1551
%%Pages: 1
%%BeginProlog
%%EndProlog
%%Page: 1 1
 0 0 0 1 setcmykcolor 0 0.7 dtransform truncate idtransform setlinewidth pop
 [] 0 setdash 1 setlinecap 1 setlinejoin 10 setmiterlimit
newpath 12.6 -37.97 moveto
12.6 -37.97 8.29 -34.19 8.29 -30.96 curveto
8.28 -27.72 10.71 -19.72 9.36 -16.85 curveto
8.01 -13.97 3.7 -4.88 1.54 -1.28 curveto
-0.62 2.32 -5.2 8 -2.95 7.64 curveto
-0.72 7.28 4.32 5.2 4.32 5.2 curveto stroke
newpath 5.13 10.24 moveto
5.13 10.24 0.01 16.55 -2.33 16.74 curveto
-4.68 16.92 -7.2 18.54 -9.18 16.02 curveto
-11.16 13.5 -12.6 -3.24 -12.6 -4.95 curveto stroke
newpath -7.02 -4.95 moveto
-7.02 -4.95 -7.65 6.66 -6.38 5.22 curveto
-5.12 3.77 -2.06 -2.26 -0.8 -4.42 curveto
0.46 -6.59 5.94 -15.5 5.94 -17.57 curveto
5.94 -19.64 3.61 -30.33 4.33 -32.22 curveto
5.05 -34.11 6.84 -38.52 6.84 -38.52 curveto stroke
-1 THsetalpha
 0 0 0.2 0 setcmykcolor
newpath 7.265 -32.86 moveto
7.265 -32.62793 7.17279 -32.40538 7.00871 -32.24129 curveto
6.84462 -32.07721 6.62207 -31.985 6.39 -31.985 curveto
6.15793 -31.985 5.93538 -32.07721 5.77129 -32.24129 curveto
5.60721 -32.40538 5.515 -32.62793 5.515 -32.86 curveto
5.515 -33.09207 5.60721 -33.31462 5.77129 -33.47871 curveto
5.93538 -33.64279 6.15793 -33.735 6.39 -33.735 curveto
6.62207 -33.735 6.84462 -33.64279 7.00871 -33.47871 curveto
7.17279 -33.31462 7.265 -33.09207 7.265 -32.86 curveto closepath fill
 0.1 0.88333 0 0.4 setcmykcolor 0 0.35
 dtransform truncate idtransform setlinewidth pop
newpath 7.265 -32.86 moveto
7.265 -32.62793 7.17279 -32.40538 7.00871 -32.24129 curveto
6.84462 -32.07721 6.62207 -31.985 6.39 -31.985 curveto
6.15793 -31.985 5.93538 -32.07721 5.77129 -32.24129 curveto
5.60721 -32.40538 5.515 -32.62793 5.515 -32.86 curveto
5.515 -33.09207 5.60721 -33.31462 5.77129 -33.47871 curveto
5.93538 -33.64279 6.15793 -33.735 6.39 -33.735 curveto
6.62207 -33.735 6.84462 -33.64279 7.00871 -33.47871 curveto
7.17279 -33.31462 7.265 -33.09207 7.265 -32.86 curveto closepath stroke
-1 THsetalpha
 0 0 0.2 0 setcmykcolor
newpath 8.875 -17.6 moveto
8.875 -17.36794 8.78279 -17.14539 8.61871 -16.9813 curveto
8.45462 -16.81721 8.23207 -16.725 8 -16.725 curveto
7.76793 -16.725 7.54538 -16.81721 7.38129 -16.9813 curveto
7.21721 -17.14539 7.125 -17.36794 7.125 -17.6 curveto
7.125 -17.83208 7.21721 -18.05463 7.38129 -18.21872 curveto
7.54538 -18.3828 7.76793 -18.475 8 -18.475 curveto
8.23207 -18.475 8.45462 -18.3828 8.61871 -18.21872 curveto
8.78279 -18.05463 8.875 -17.83208 8.875 -17.6 curveto closepath fill
 0.1 0.88333 0 0.4 setcmykcolor
newpath 8.875 -17.6 moveto
8.875 -17.36794 8.78279 -17.14539 8.61871 -16.9813 curveto
8.45462 -16.81721 8.23207 -16.725 8 -16.725 curveto
7.76793 -16.725 7.54538 -16.81721 7.38129 -16.9813 curveto
7.21721 -17.14539 7.125 -17.36794 7.125 -17.6 curveto
7.125 -17.83208 7.21721 -18.05463 7.38129 -18.21872 curveto
7.54538 -18.3828 7.76793 -18.475 8 -18.475 curveto
8.23207 -18.475 8.45462 -18.3828 8.61871 -18.21872 curveto
8.78279 -18.05463 8.875 -17.83208 8.875 -17.6 curveto closepath stroke
-1 THsetalpha
 0 0 0.2 0 setcmykcolor
newpath -3.815 7.29 moveto
-3.815 7.52206 -3.90721 7.74461 -4.07129 7.9087 curveto
-4.23538 8.07278 -4.45793 8.165 -4.69 8.165 curveto
-4.92207 8.165 -5.14462 8.07278 -5.30872 7.9087 curveto
-5.4728 7.74461 -5.565 7.52206 -5.565 7.29 curveto
-5.565 7.05792 -5.4728 6.83537 -5.30872 6.67128 curveto
-5.14462 6.5072 -4.92207 6.415 -4.69 6.415 curveto
-4.45793 6.415 -4.23538 6.5072 -4.07129 6.67128 curveto
-3.90721 6.83537 -3.815 7.05792 -3.815 7.29 curveto closepath fill
 0.1 0.88333 0 0.4 setcmykcolor
newpath -3.815 7.29 moveto
-3.815 7.52206 -3.90721 7.74461 -4.07129 7.9087 curveto
-4.23538 8.07278 -4.45793 8.165 -4.69 8.165 curveto
-4.92207 8.165 -5.14462 8.07278 -5.30872 7.9087 curveto
-5.4728 7.74461 -5.565 7.52206 -5.565 7.29 curveto
-5.565 7.05792 -5.4728 6.83537 -5.30872 6.67128 curveto
-5.14462 6.5072 -4.92207 6.415 -4.69 6.415 curveto
-4.45793 6.415 -4.23538 6.5072 -4.07129 6.67128 curveto
-3.90721 6.83537 -3.815 7.05792 -3.815 7.29 curveto closepath stroke
-1 THsetalpha
 0 0 0.2 0 setcmykcolor
newpath -6.575 16.32 moveto
-6.575 16.55208 -6.6672 16.77463 -6.83128 16.93872 curveto
-6.99538 17.1028 -7.21793 17.195 -7.45 17.195 curveto
-7.68207 17.195 -7.90462 17.1028 -8.06871 16.93872 curveto
-8.23279 16.77463 -8.325 16.55208 -8.325 16.32 curveto
-8.325 16.08794 -8.23279 15.86539 -8.06871 15.7013 curveto
-7.90462 15.53722 -7.68207 15.445 -7.45 15.445 curveto
-7.21793 15.445 -6.99538 15.53722 -6.83128 15.7013 curveto
-6.6672 15.86539 -6.575 16.08794 -6.575 16.32 curveto closepath fill
 0.1 0.88333 0 0.4 setcmykcolor
newpath -6.575 16.32 moveto
-6.575 16.55208 -6.6672 16.77463 -6.83128 16.93872 curveto
-6.99538 17.1028 -7.21793 17.195 -7.45 17.195 curveto
-7.68207 17.195 -7.90462 17.1028 -8.06871 16.93872 curveto
-8.23279 16.77463 -8.325 16.55208 -8.325 16.32 curveto
-8.325 16.08794 -8.23279 15.86539 -8.06871 15.7013 curveto
-7.90462 15.53722 -7.68207 15.445 -7.45 15.445 curveto
-7.21793 15.445 -6.99538 15.53722 -6.83128 15.7013 curveto
-6.6672 15.86539 -6.575 16.08794 -6.575 16.32 curveto closepath stroke
-1 THsetalpha
 0 0 0.2 0 setcmykcolor
newpath -8.445 -5.08 moveto
-8.445 -4.84793 -8.53722 -4.62538 -8.7013 -4.46129 curveto
-8.86539 -4.29721 -9.08794 -4.205 -9.32 -4.205 curveto
-9.55208 -4.205 -9.77463 -4.29721 -9.93872 -4.46129 curveto
-10.1028 -4.62538 -10.195 -4.84793 -10.195 -5.08 curveto
-10.195 -5.31207 -10.1028 -5.53462 -9.93872 -5.69872 curveto
-9.77463 -5.8628 -9.55208 -5.955 -9.32 -5.955 curveto
-9.08794 -5.955 -8.86539 -5.8628 -8.7013 -5.69872 curveto
-8.53722 -5.53462 -8.445 -5.31207 -8.445 -5.08 curveto closepath fill
 0.1 0.88333 0 0.4 setcmykcolor
newpath -8.445 -5.08 moveto
-8.445 -4.84793 -8.53722 -4.62538 -8.7013 -4.46129 curveto
-8.86539 -4.29721 -9.08794 -4.205 -9.32 -4.205 curveto
-9.55208 -4.205 -9.77463 -4.29721 -9.93872 -4.46129 curveto
-10.1028 -4.62538 -10.195 -4.84793 -10.195 -5.08 curveto
-10.195 -5.31207 -10.1028 -5.53462 -9.93872 -5.69872 curveto
-9.77463 -5.8628 -9.55208 -5.955 -9.32 -5.955 curveto
-9.08794 -5.955 -8.86539 -5.8628 -8.7013 -5.69872 curveto
-8.53722 -5.53462 -8.445 -5.31207 -8.445 -5.08 curveto closepath stroke
-1 THsetalpha
 0 0 0.2 0 setcmykcolor
newpath 4.725 6.5 moveto
4.725 6.73207 4.6328 6.95462 4.46872 7.11871 curveto
4.30463 7.28279 4.08208 7.375 3.85 7.375 curveto
3.61794 7.375 3.39539 7.28279 3.2313 7.11871 curveto
3.06721 6.95462 2.975 6.73207 2.975 6.5 curveto
2.975 6.26793 3.06721 6.04538 3.2313 5.88129 curveto
3.39539 5.71721 3.61794 5.625 3.85 5.625 curveto
4.08208 5.625 4.30463 5.71721 4.46872 5.88129 curveto
4.6328 6.04538 4.725 6.26793 4.725 6.5 curveto closepath fill
 0.1 0.88333 0 0.4 setcmykcolor
newpath 4.725 6.5 moveto
4.725 6.73207 4.6328 6.95462 4.46872 7.11871 curveto
4.30463 7.28279 4.08208 7.375 3.85 7.375 curveto
3.61794 7.375 3.39539 7.28279 3.2313 7.11871 curveto
3.06721 6.95462 2.975 6.73207 2.975 6.5 curveto
2.975 6.26793 3.06721 6.04538 3.2313 5.88129 curveto
3.39539 5.71721 3.61794 5.625 3.85 5.625 curveto
4.08208 5.625 4.30463 5.71721 4.46872 5.88129 curveto
4.6328 6.04538 4.725 6.26793 4.725 6.5 curveto closepath stroke
showpage
%%EOF
