%!PS
%%BoundingBox: 1 -26 26 29 
%%HiResBoundingBox: 1.47418 -25.20001 25.23125 28.1627 
%%Creator: MetaPost 1.999
%%CreationDate: 2021.08.16:1551
%%Pages: 1
%%BeginProlog
%%EndProlog
%%Page: 1 1
 0 0 0 1 setcmykcolor 0 0.7 dtransform truncate idtransform setlinewidth pop
 [] 0 setdash 1 setlinecap 1 setlinejoin 10 setmiterlimit
newpath 15.79 20.45 moveto
15.79 20.45 11.18 22.66 10.59 20.13 curveto
9.88 17.04 3.1 7.31 2.9 2.13 curveto
2.7 -3.11 0.72 -13.56 2.69 -16.06 curveto
4.67 -18.58 12.96 -24.85 12.96 -24.85 curveto stroke
newpath 17.28 -20 moveto
17.28 -20 10.07 -15.88 11.87 -14.28 curveto
13.67 -12.68 22.31 -7.93 22.49 -2.94 curveto
22.67 1.91 25.38 20.13 24.8 21.54 curveto stroke
 0.83 0.54 0 0 setcmykcolor 0 0.35 dtransform truncate idtransform setlinewidth pop
newpath 7.70924 27.9877 moveto
7.9661 27.46803 8.93167 27.72278 9.08257 27.1048 curveto
9.27834 26.30298 7.43373 26.22827 7.85352 25.32607 curveto
8.30908 24.34697 9.53256 25.85345 10.07582 25.25322 curveto
10.68542 24.57965 9.4135 24.02736 9.37823 23.34682 curveto
9.3353 22.5181 10.4806 22.38026 10.81075 21.71231 curveto stroke
newpath 8.89197 23.30026 moveto
8.82996 23.07738 8.79556 22.86081 8.86177 22.6742 curveto
9.13925 21.8921 10.2501 22.20308 10.81075 21.71231 curveto
10.76137 22.45576 9.75598 23.0214 10.11281 23.7706 curveto
10.19795 23.94937 10.3754 24.07819 10.57686 24.19196 curveto
 closepath stroke
newpath 8.89197 23.30026 moveto
8.82996 23.07738 8.79556 22.86081 8.86177 22.6742 curveto
9.13925 21.8921 10.2501 22.20308 10.81075 21.71231 curveto
10.76137 22.45576 9.75598 23.0214 10.11281 23.7706 curveto
10.19795 23.94937 10.3754 24.07819 10.57686 24.19196 curveto
 closepath fill
newpath 20.57925 6.75769 moveto
20.8361 6.23802 21.80168 6.49277 21.95258 5.87479 curveto
22.14835 5.07297 20.30374 4.99826 20.72353 4.09605 curveto
21.1791 3.11696 22.40257 4.62344 22.94583 4.02321 curveto
23.55544 3.34964 22.28351 2.79735 22.24825 2.1168 curveto
22.2053 1.28809 23.35062 1.15025 23.68076 0.4823 curveto stroke
newpath 21.76198 2.07025 moveto
21.69997 1.84737 21.66557 1.6308 21.73178 1.44418 curveto
22.00926 0.6621 23.12012 0.97307 23.68076 0.4823 curveto
23.63138 1.22575 22.62599 1.79138 22.98282 2.54059 curveto
23.06796 2.71936 23.2454 2.84818 23.44687 2.96194 curveto
 closepath stroke
newpath 21.76198 2.07025 moveto
21.69997 1.84737 21.66557 1.6308 21.73178 1.44418 curveto
22.00926 0.6621 23.12012 0.97307 23.68076 0.4823 curveto
23.63138 1.22575 22.62599 1.79138 22.98282 2.54059 curveto
23.06796 2.71936 23.2454 2.84818 23.44687 2.96194 curveto
 closepath fill
-1 THsetalpha
 0 0 0.2 0 setcmykcolor
newpath 15.875 -2.6 moveto
15.875 -2.36794 15.78279 -2.14539 15.61871 -1.9813 curveto
15.45462 -1.81721 15.23207 -1.725 15 -1.725 curveto
14.76793 -1.725 14.54538 -1.81721 14.38129 -1.9813 curveto
14.21721 -2.14539 14.125 -2.36794 14.125 -2.6 curveto
14.125 -2.83208 14.21721 -3.05463 14.38129 -3.21872 curveto
14.54538 -3.3828 14.76793 -3.475 15 -3.475 curveto
15.23207 -3.475 15.45462 -3.3828 15.61871 -3.21872 curveto
15.78279 -3.05463 15.875 -2.83208 15.875 -2.6 curveto closepath fill
 0.1 0.88333 0 0.4 setcmykcolor
newpath 15.875 -2.6 moveto
15.875 -2.36794 15.78279 -2.14539 15.61871 -1.9813 curveto
15.45462 -1.81721 15.23207 -1.725 15 -1.725 curveto
14.76793 -1.725 14.54538 -1.81721 14.38129 -1.9813 curveto
14.21721 -2.14539 14.125 -2.36794 14.125 -2.6 curveto
14.125 -2.83208 14.21721 -3.05463 14.38129 -3.21872 curveto
14.54538 -3.3828 14.76793 -3.475 15 -3.475 curveto
15.23207 -3.475 15.45462 -3.3828 15.61871 -3.21872 curveto
15.78279 -3.05463 15.875 -2.83208 15.875 -2.6 curveto closepath stroke
-1 THsetalpha
 0 0 0.2 0 setcmykcolor
newpath 7.245 -13.64 moveto
7.245 -13.40793 7.15279 -13.18538 6.98871 -13.02129 curveto
6.82462 -12.85721 6.60207 -12.765 6.37 -12.765 curveto
6.13792 -12.765 5.91537 -12.85721 5.75128 -13.02129 curveto
5.5872 -13.18538 5.495 -13.40793 5.495 -13.64 curveto
5.495 -13.87207 5.5872 -14.09462 5.75128 -14.25871 curveto
5.91537 -14.42279 6.13792 -14.515 6.37 -14.515 curveto
6.60207 -14.515 6.82462 -14.42279 6.98871 -14.25871 curveto
7.15279 -14.09462 7.245 -13.87207 7.245 -13.64 curveto closepath fill
 0.1 0.88333 0 0.4 setcmykcolor
newpath 7.245 -13.64 moveto
7.245 -13.40793 7.15279 -13.18538 6.98871 -13.02129 curveto
6.82462 -12.85721 6.60207 -12.765 6.37 -12.765 curveto
6.13792 -12.765 5.91537 -12.85721 5.75128 -13.02129 curveto
5.5872 -13.18538 5.495 -13.40793 5.495 -13.64 curveto
5.495 -13.87207 5.5872 -14.09462 5.75128 -14.25871 curveto
5.91537 -14.42279 6.13792 -14.515 6.37 -14.515 curveto
6.60207 -14.515 6.82462 -14.42279 6.98871 -14.25871 curveto
7.15279 -14.09462 7.245 -13.87207 7.245 -13.64 curveto closepath stroke
-1 THsetalpha
 0 0 0.2 0 setcmykcolor
newpath 14.315 19.7 moveto
14.315 19.93207 14.2228 20.15462 14.05872 20.31871 curveto
13.89462 20.48279 13.67207 20.575 13.44 20.575 curveto
13.20793 20.575 12.98538 20.48279 12.82129 20.31871 curveto
12.65721 20.15462 12.565 19.93207 12.565 19.7 curveto
12.565 19.46793 12.65721 19.24538 12.82129 19.08128 curveto
12.98538 18.9172 13.20793 18.825 13.44 18.825 curveto
13.67207 18.825 13.89462 18.9172 14.05872 19.08128 curveto
14.2228 19.24538 14.315 19.46793 14.315 19.7 curveto closepath fill
 0.1 0.88333 0 0.4 setcmykcolor
newpath 14.315 19.7 moveto
14.315 19.93207 14.2228 20.15462 14.05872 20.31871 curveto
13.89462 20.48279 13.67207 20.575 13.44 20.575 curveto
13.20793 20.575 12.98538 20.48279 12.82129 20.31871 curveto
12.65721 20.15462 12.565 19.93207 12.565 19.7 curveto
12.565 19.46793 12.65721 19.24538 12.82129 19.08128 curveto
12.98538 18.9172 13.20793 18.825 13.44 18.825 curveto
13.67207 18.825 13.89462 18.9172 14.05872 19.08128 curveto
14.2228 19.24538 14.315 19.46793 14.315 19.7 curveto closepath stroke
showpage
%%EOF
