%!PS
%%BoundingBox: -46 -34 46 34 
%%HiResBoundingBox: -45.94 -33.6191 45.94 33.62444 
%%Creator: MetaPost 1.999
%%CreationDate: 2021.08.16:1551
%%Pages: 1
%%BeginProlog
%%EndProlog
%%Page: 1 1
 0 0 0 1 setcmykcolor 0 0.7 dtransform truncate idtransform setlinewidth pop
 [] 0 setdash 1 setlinecap 1 setlinejoin 10 setmiterlimit
newpath 45.59 30.66 moveto
45.59 30.66 39.09 30.3 36.93 30.96 curveto
34.73 31.62 32.89 34.01 29.81 33.05 curveto
26.73 32.09 24.72 26.99 23.29 25.11 curveto
21.85 23.21 21.86 21.6 19.6 21.71 curveto
17.32 21.83 13.32 22.96 13.27 21.82 curveto
13.21 20.67 13.41 10.9 12.5 9.86 curveto
11.6 8.82 10.65 8.44 6.97 8.52 curveto
3.3 8.59 -3.86 8.91 -8.29 8.76 curveto
-12.72 8.62 -14.32 8.62 -17.05 8.18 curveto
-19.79 7.74 -21.38 8.72 -21.03 6.42 curveto
-20.68 4.13 -18.72 2.49 -20.15 0.8 curveto
-21.59 -0.88 -23.57 -1.03 -26.03 -0.95 curveto
-28.49 -0.87 -31.46 -2.9 -32.45 -5.2 curveto
-33.45 -7.5 -33.78 -11.24 -35.4 -11.21 curveto
-37.02 -11.17 -39.18 -9.25 -39.18 -9.25 curveto stroke
newpath -45.59 -24.2 moveto
-45.59 -24.2 -41.56 -31.31 -39.89 -31.81 curveto
-38.23 -32.31 -37.43 -34.01 -36.94 -32.9 curveto
-36.44 -31.79 -35.78 -31.43 -33.97 -30.06 curveto
-32.18 -28.7 -31.13 -27.51 -29.56 -28.19 curveto
-27.98 -28.88 -27.33 -28.8 -24.55 -29.78 curveto
-21.77 -30.76 -18.73 -32.01 -18.73 -32.01 curveto
-18.73 -32.01 -17.22 -31.1 -16.52 -29.15 curveto
-15.81 -27.2 -14.71 -23.96 -14.38 -21.55 curveto
-14.05 -19.14 -14.7 -13.93 -12.42 -12.09 curveto
-10.13 -10.25 -9.74 -9.22 -7 -8.3 curveto
-4.26 -7.38 -4.64 -7.28 -1.11 -4.04 curveto
2.42 -0.8 4.87 -0.28 7.4 -0.31 curveto
9.91 -0.34 12.91 -1.33 14.26 0.03 curveto
15.61 1.39 16.99 2.84 18.66 2.23 curveto
20.33 1.63 19.43 -2.55 20.63 -3.24 curveto
21.83 -3.93 22.83 -7.7 22.83 -7.7 curveto stroke
newpath 24.73 -7.09 moveto
22.32 -3.28 24.57 -0.89 25.17 0.13 curveto
25.88 1.34 24.46 4.26 25.36 5.72 curveto
26.26 7.18 27.35 8.36 28.4 10.65 curveto
29.47 12.96 31.4 18.72 33.12 20.81 curveto
34.84 22.9 35.1 25.35 36.98 25.95 curveto
38.86 26.55 39.94 26.51 41.89 27.06 curveto
43.78 27.61 43.45 27.76 45.02 28.7 curveto stroke
newpath 31.9428 13.26219 moveto
30.9078 13.22047 30.44652 12.92097 30.12117 12.69821 curveto
29.7692 12.91808 28.74925 13.3585 28.02539 12.39627 curveto
27.32909 12.95444 26.26096 12.77979 25.0281 11.92845 curveto
25.05324 11.74336 24.95258 11.48973 24.73268 11.63501 curveto
24.85176 11.76598 24.75848 11.79738 24.71637 11.64693 curveto
24.66469 11.68011 24.6505 11.73944 24.73932 11.8173 curveto
23.88017 11.89444 23.41765 11.77386 22.6651 11.456 curveto
22.84024 11.96286 22.82773 12.4157 22.44495 12.65446 curveto
22.32387 12.72998 22.22389 12.42133 22.14928 12.5308 curveto
22.24423 12.67226 22.17635 12.61652 22.12027 12.54253 curveto
21.90727 12.72624 22.17564 12.8389 22.25351 12.84428 curveto
22.3806 13.18744 21.5922 14.03815 20.70427 14.49078 curveto
20.50395 14.89856 20.31636 15.57571 19.06038 15.77686 curveto
18.97548 16.39095 18.5759 17.1702 17.69722 17.11781 curveto
18.08864 17.28014 18.66656 17.57237 19.09871 17.55186 curveto
19.61217 17.6644 20.15315 17.72874 20.80502 17.37141 curveto
21.79245 16.83008 22.08589 16.47685 22.15958 16.31888 curveto
22.26944 16.08333 22.44504 16.28177 22.34012 16.49883 curveto
22.64857 16.34572 22.22998 16.22224 22.60023 15.95862 curveto
22.97375 15.57892 23.03665 15.33218 23.25725 14.9196 curveto
23.62128 14.7264 23.92288 14.52512 24.17621 14.35692 curveto
24.45247 14.39107 24.66125 14.4565 24.92496 14.36035 curveto
25.12376 14.59413 25.27754 14.79651 25.36203 14.97748 curveto
25.58054 14.98755 25.69461 14.44234 25.69409 14.43796 curveto
26.05316 14.36809 lineto
26.05316 14.36809 26.1997 14.67554 26.32837 14.7268 curveto
26.48882 14.53107 26.57259 14.24664 26.48314 13.89835 curveto
26.82236 13.90259 27.00468 13.70187 27.46039 14.06126 curveto
27.62595 14.1918 28.08018 14.41795 28.62259 14.56783 curveto
28.89697 14.64363 28.65742 14.95436 29.0132 14.88829 curveto
28.9395 14.88167 28.8778 14.84174 28.85934 14.73596 curveto
28.83958 14.62276 28.85652 14.56561 28.97246 14.58543 curveto
29.542 14.62784 30.46051 14.44894 31.06554 13.9525 curveto
31.13554 13.91705 31.68192 13.62088 31.9428 13.26219 curveto closepath fill
-1 THsetalpha
 0 0 0.2 0 setcmykcolor
newpath -18.745 -1.76 moveto
-18.745 -1.52792 -18.8372 -1.30537 -19.00128 -1.14128 curveto
-19.16537 -0.9772 -19.38792 -0.885 -19.62 -0.885 curveto
-19.85207 -0.885 -20.07462 -0.9772 -20.23871 -1.14128 curveto
-20.40279 -1.30537 -20.495 -1.52792 -20.495 -1.76 curveto
-20.495 -1.99207 -20.40279 -2.21461 -20.23871 -2.37871 curveto
-20.07462 -2.54279 -19.85207 -2.635 -19.62 -2.635 curveto
-19.38792 -2.635 -19.16537 -2.54279 -19.00128 -2.37871 curveto
-18.8372 -2.21461 -18.745 -1.99207 -18.745 -1.76 curveto closepath fill
 0.1 0.88333 0 0.4 setcmykcolor 0 0.35
 dtransform truncate idtransform setlinewidth pop
newpath -18.745 -1.76 moveto
-18.745 -1.52792 -18.8372 -1.30537 -19.00128 -1.14128 curveto
-19.16537 -0.9772 -19.38792 -0.885 -19.62 -0.885 curveto
-19.85207 -0.885 -20.07462 -0.9772 -20.23871 -1.14128 curveto
-20.40279 -1.30537 -20.495 -1.52792 -20.495 -1.76 curveto
-20.495 -1.99207 -20.40279 -2.21461 -20.23871 -2.37871 curveto
-20.07462 -2.54279 -19.85207 -2.635 -19.62 -2.635 curveto
-19.38792 -2.635 -19.16537 -2.54279 -19.00128 -2.37871 curveto
-18.8372 -2.21461 -18.745 -1.99207 -18.745 -1.76 curveto closepath stroke
-1 THsetalpha
 0 0 0.2 0 setcmykcolor
newpath 15.755 7.22 moveto
15.755 7.45207 15.6628 7.67462 15.49872 7.83871 curveto
15.33463 8.00279 15.11208 8.095 14.88 8.095 curveto
14.64793 8.095 14.42538 8.00279 14.26129 7.83871 curveto
14.09721 7.67462 14.005 7.45207 14.005 7.22 curveto
14.005 6.98793 14.09721 6.76538 14.26129 6.60129 curveto
14.42538 6.43721 14.64793 6.345 14.88 6.345 curveto
15.11208 6.345 15.33463 6.43721 15.49872 6.60129 curveto
15.6628 6.76538 15.755 6.98793 15.755 7.22 curveto closepath fill
 0.1 0.88333 0 0.4 setcmykcolor
newpath 15.755 7.22 moveto
15.755 7.45207 15.6628 7.67462 15.49872 7.83871 curveto
15.33463 8.00279 15.11208 8.095 14.88 8.095 curveto
14.64793 8.095 14.42538 8.00279 14.26129 7.83871 curveto
14.09721 7.67462 14.005 7.45207 14.005 7.22 curveto
14.005 6.98793 14.09721 6.76538 14.26129 6.60129 curveto
14.42538 6.43721 14.64793 6.345 14.88 6.345 curveto
15.11208 6.345 15.33463 6.43721 15.49872 6.60129 curveto
15.6628 6.76538 15.755 6.98793 15.755 7.22 curveto closepath stroke
-1 THsetalpha
 0 0 0.2 0 setcmykcolor
newpath 33.275 29.99 moveto
33.275 30.22208 33.18279 30.44463 33.0187 30.60872 curveto
32.85461 30.7728 32.63206 30.865 32.4 30.865 curveto
32.16792 30.865 31.94537 30.7728 31.78128 30.60872 curveto
31.6172 30.44463 31.525 30.22208 31.525 29.99 curveto
31.525 29.75793 31.6172 29.53539 31.78128 29.37129 curveto
31.94537 29.20721 32.16792 29.115 32.4 29.115 curveto
32.63206 29.115 32.85461 29.20721 33.0187 29.37129 curveto
33.18279 29.53539 33.275 29.75793 33.275 29.99 curveto closepath fill
 0.1 0.88333 0 0.4 setcmykcolor
newpath 33.275 29.99 moveto
33.275 30.22208 33.18279 30.44463 33.0187 30.60872 curveto
32.85461 30.7728 32.63206 30.865 32.4 30.865 curveto
32.16792 30.865 31.94537 30.7728 31.78128 30.60872 curveto
31.6172 30.44463 31.525 30.22208 31.525 29.99 curveto
31.525 29.75793 31.6172 29.53539 31.78128 29.37129 curveto
31.94537 29.20721 32.16792 29.115 32.4 29.115 curveto
32.63206 29.115 32.85461 29.20721 33.0187 29.37129 curveto
33.18279 29.53539 33.275 29.75793 33.275 29.99 curveto closepath stroke
showpage
%%EOF
