%!PS
%%BoundingBox: -32 -42 22 40 
%%HiResBoundingBox: -31.81001 -41.55247 21.03487 39.19 
%%Creator: MetaPost 1.999
%%CreationDate: 2021.08.16:1551
%%Pages: 1
%%BeginProlog
%%EndProlog
%%Page: 1 1
 0 0 0 1 setcmykcolor 0 0.7 dtransform truncate idtransform setlinewidth pop
 [] 0 setdash 1 setlinecap 1 setlinejoin 10 setmiterlimit
newpath -16.96 -38.56 moveto
-16.96 -38.56 -9.55 -38.67 -6.56 -35.33 curveto
-3.58 -32.01 2.1 -24.41 3.9 -18.25 curveto
5.68 -12.14 2.64 -15.37 3.39 -12.15 curveto stroke
 0 0.24501 dtransform truncate idtransform setlinewidth pop
newpath 0.07004 -41.42996 moveto
5.67006 -41.42996 lineto
5.67006 -35.82994 lineto
0.07004 -35.82994 lineto
 closepath stroke
 0 0.35 dtransform truncate idtransform setlinewidth pop
newpath 1.12 -38.27998 moveto
1.52014 -38.85042 2.1732 -39.19002 2.87 -39.19002 curveto
3.56679 -39.19002 4.21985 -38.85042 4.62 -38.27998 curveto stroke
 0 1.25995 dtransform truncate idtransform setlinewidth pop
newpath 1.12 -38.27998 moveto 0 0 rlineto stroke
newpath 4.62 -38.27998 moveto 0 0 rlineto stroke
 0 0.7 dtransform truncate idtransform setlinewidth pop
newpath 3.6 -5.52 moveto
3.6 -5.52 2.28 6.23 4.44 9.29 curveto
6.6 12.34 12.72 23.33 13.09 22.25 curveto
13.45 21.16 13.27 18.82 13.27 18.82 curveto stroke
 [2.10013 2.10013 ] 0 setdash
newpath 13.27 18.82 moveto
13.27 18.82 13.46 10.35 10.95 5.12 curveto
8.44 -0.1 3.6 -5.52 3.6 -5.52 curveto stroke
newpath 3.39 -12.15 moveto
3.39 -12.15 7.74 -6.06 9.53 -2.99 curveto
11.32 0.07 14.91 11.79 15.26 14.31 curveto
15.62 16.84 15.62 18.82 15.62 18.82 curveto stroke
 [] 0 setdash
newpath 15.62 18.82 moveto
15.62 18.82 14.17 22.06 15.43 24.59 curveto
16.69 27.11 21.18 32.72 20.64 34.16 curveto
20.1 35.6 17.75 38.84 17.75 38.84 curveto stroke
newpath 11.99 38.29 moveto
11.99 38.29 14.69 35.58 12.89 35.04 curveto stroke
newpath 13.26 30.35 moveto
13.26 30.35 12.72 28.37 11.28 26.93 curveto
9.84 25.49 -0.26 16.49 -1.33 10.19 curveto
-2.41 3.88 -1.78 -2.1 -1.79 -6.97 curveto
-1.8 -11.8 -1.87 -15.01 -3.45 -18.28 curveto
-5.03 -21.56 -8.48 -30 -12.64 -30.68 curveto
-16.54 -31.33 -31.46 -34.95 -31.46 -34.95 curveto stroke
-1 THsetalpha
 0 0 0.2 0 setcmykcolor
newpath -10.725 -31.85 moveto
-10.725 -31.61794 -10.81721 -31.39539 -10.9813 -31.2313 curveto
-11.14539 -31.06721 -11.36794 -30.975 -11.6 -30.975 curveto
-11.83208 -30.975 -12.05463 -31.06721 -12.21872 -31.2313 curveto
-12.3828 -31.39539 -12.475 -31.61794 -12.475 -31.85 curveto
-12.475 -32.08208 -12.3828 -32.30463 -12.21872 -32.46872 curveto
-12.05463 -32.6328 -11.83208 -32.725 -11.6 -32.725 curveto
-11.36794 -32.725 -11.14539 -32.6328 -10.9813 -32.46872 curveto
-10.81721 -32.30463 -10.725 -32.08208 -10.725 -31.85 curveto closepath fill
 0.1 0.88333 0 0.4 setcmykcolor 0 0.35
 dtransform truncate idtransform setlinewidth pop
newpath -10.725 -31.85 moveto
-10.725 -31.61794 -10.81721 -31.39539 -10.9813 -31.2313 curveto
-11.14539 -31.06721 -11.36794 -30.975 -11.6 -30.975 curveto
-11.83208 -30.975 -12.05463 -31.06721 -12.21872 -31.2313 curveto
-12.3828 -31.39539 -12.475 -31.61794 -12.475 -31.85 curveto
-12.475 -32.08208 -12.3828 -32.30463 -12.21872 -32.46872 curveto
-12.05463 -32.6328 -11.83208 -32.725 -11.6 -32.725 curveto
-11.36794 -32.725 -11.14539 -32.6328 -10.9813 -32.46872 curveto
-10.81721 -32.30463 -10.725 -32.08208 -10.725 -31.85 curveto closepath stroke
-1 THsetalpha
 0 0 0.2 0 setcmykcolor
newpath 2.085 -17.62 moveto
2.085 -17.38792 1.9928 -17.16537 1.82872 -17.00128 curveto
1.66463 -16.8372 1.44208 -16.745 1.21 -16.745 curveto
0.97794 -16.745 0.75539 -16.8372 0.5913 -17.00128 curveto
0.42722 -17.16537 0.335 -17.38792 0.335 -17.62 curveto
0.335 -17.85207 0.42722 -18.07462 0.5913 -18.23871 curveto
0.75539 -18.40279 0.97794 -18.495 1.21 -18.495 curveto
1.44208 -18.495 1.66463 -18.40279 1.82872 -18.23871 curveto
1.9928 -18.07462 2.085 -17.85207 2.085 -17.62 curveto closepath fill
 0.1 0.88333 0 0.4 setcmykcolor
newpath 2.085 -17.62 moveto
2.085 -17.38792 1.9928 -17.16537 1.82872 -17.00128 curveto
1.66463 -16.8372 1.44208 -16.745 1.21 -16.745 curveto
0.97794 -16.745 0.75539 -16.8372 0.5913 -17.00128 curveto
0.42722 -17.16537 0.335 -17.38792 0.335 -17.62 curveto
0.335 -17.85207 0.42722 -18.07462 0.5913 -18.23871 curveto
0.75539 -18.40279 0.97794 -18.495 1.21 -18.495 curveto
1.44208 -18.495 1.66463 -18.40279 1.82872 -18.23871 curveto
1.9928 -18.07462 2.085 -17.85207 2.085 -17.62 curveto closepath stroke
-1 THsetalpha
 0 0 0.2 0 setcmykcolor
newpath 1.115 10 moveto
1.115 10.23207 1.0228 10.45462 0.85872 10.61871 curveto
0.69463 10.78279 0.47208 10.875 0.24 10.875 curveto
0.00793 10.875 -0.21461 10.78279 -0.37871 10.61871 curveto
-0.54279 10.45462 -0.635 10.23207 -0.635 10 curveto
-0.635 9.76793 -0.54279 9.54538 -0.37871 9.38129 curveto
-0.21461 9.21721 0.00793 9.125 0.24 9.125 curveto
0.47208 9.125 0.69463 9.21721 0.85872 9.38129 curveto
1.0228 9.54538 1.115 9.76793 1.115 10 curveto closepath fill
 0.1 0.88333 0 0.4 setcmykcolor
newpath 1.115 10 moveto
1.115 10.23207 1.0228 10.45462 0.85872 10.61871 curveto
0.69463 10.78279 0.47208 10.875 0.24 10.875 curveto
0.00793 10.875 -0.21461 10.78279 -0.37871 10.61871 curveto
-0.54279 10.45462 -0.635 10.23207 -0.635 10 curveto
-0.635 9.76793 -0.54279 9.54538 -0.37871 9.38129 curveto
-0.21461 9.21721 0.00793 9.125 0.24 9.125 curveto
0.47208 9.125 0.69463 9.21721 0.85872 9.38129 curveto
1.0228 9.54538 1.115 9.76793 1.115 10 curveto closepath stroke
-1 THsetalpha
 0 0 0.2 0 setcmykcolor
newpath 13.805 28.12 moveto
13.805 28.35207 13.71278 28.57462 13.5487 28.73871 curveto
13.38461 28.90279 13.16206 28.995 12.93 28.995 curveto
12.69792 28.995 12.47537 28.90279 12.31128 28.73871 curveto
12.1472 28.57462 12.055 28.35207 12.055 28.12 curveto
12.055 27.88792 12.1472 27.66537 12.31128 27.50128 curveto
12.47537 27.3372 12.69792 27.245 12.93 27.245 curveto
13.16206 27.245 13.38461 27.3372 13.5487 27.50128 curveto
13.71278 27.66537 13.805 27.88792 13.805 28.12 curveto closepath fill
 0.1 0.88333 0 0.4 setcmykcolor
newpath 13.805 28.12 moveto
13.805 28.35207 13.71278 28.57462 13.5487 28.73871 curveto
13.38461 28.90279 13.16206 28.995 12.93 28.995 curveto
12.69792 28.995 12.47537 28.90279 12.31128 28.73871 curveto
12.1472 28.57462 12.055 28.35207 12.055 28.12 curveto
12.055 27.88792 12.1472 27.66537 12.31128 27.50128 curveto
12.47537 27.3372 12.69792 27.245 12.93 27.245 curveto
13.16206 27.245 13.38461 27.3372 13.5487 27.50128 curveto
13.71278 27.66537 13.805 27.88792 13.805 28.12 curveto closepath stroke
-1 THsetalpha
 0 0 0.2 0 setcmykcolor
newpath 17.705 32.61 moveto
17.705 32.84207 17.6128 33.06462 17.44872 33.22871 curveto
17.28462 33.39279 17.06207 33.485 16.83 33.485 curveto
16.59793 33.485 16.37538 33.39279 16.21129 33.22871 curveto
16.04721 33.06462 15.955 32.84207 15.955 32.61 curveto
15.955 32.37793 16.04721 32.15538 16.21129 31.99129 curveto
16.37538 31.82721 16.59793 31.735 16.83 31.735 curveto
17.06207 31.735 17.28462 31.82721 17.44872 31.99129 curveto
17.6128 32.15538 17.705 32.37793 17.705 32.61 curveto closepath fill
 0.1 0.88333 0 0.4 setcmykcolor
newpath 17.705 32.61 moveto
17.705 32.84207 17.6128 33.06462 17.44872 33.22871 curveto
17.28462 33.39279 17.06207 33.485 16.83 33.485 curveto
16.59793 33.485 16.37538 33.39279 16.21129 33.22871 curveto
16.04721 33.06462 15.955 32.84207 15.955 32.61 curveto
15.955 32.37793 16.04721 32.15538 16.21129 31.99129 curveto
16.37538 31.82721 16.59793 31.735 16.83 31.735 curveto
17.06207 31.735 17.28462 31.82721 17.44872 31.99129 curveto
17.6128 32.15538 17.705 32.37793 17.705 32.61 curveto closepath stroke
showpage
%%EOF
