%!PS
%%BoundingBox: -70 -26 70 27 
%%HiResBoundingBox: -69.86505 -25.68001 69.34001 26.51888 
%%Creator: MetaPost 1.999
%%CreationDate: 2021.08.16:1551
%%Pages: 1
%%BeginProlog
%%EndProlog
%%Page: 1 1
 0 0 0 1 setcmykcolor 0.35
 0 dtransform exch truncate exch idtransform pop setlinewidth [] 0 setdash
 1 setlinecap 1 setlinejoin 10 setmiterlimit
newpath -69.69005 19.12004 moveto
-69.69005 24.71996 lineto stroke
newpath -68.28996 19.12004 moveto
-68.28996 24.71996 lineto stroke
 0 0.7 dtransform truncate idtransform setlinewidth pop
newpath -65.03 11.33 moveto
-65.03 11.33 -55.25 -0.83 -53.88 -3.08 curveto
-52.52 -5.32 -50.76 -8.33 -49.29 -10.46 curveto
-47.82 -12.59 -44.62 -15.77 -44.56 -17.1 curveto stroke
newpath -22.72 -25.33 moveto
-22.72 -25.33 -19.55 -23.39 -17.69 -22.24 curveto
-15.83 -21.09 -11.93 -19.92 -10.1 -16.91 curveto
-8.21 -13.81 -6.61 -12.34 -4.5 -10.04 curveto
-2.39 -7.74 1.22 -4.74 2.67 -3.15 curveto
4.11 -1.57 4.77 0.24 7.32 0.67 curveto
9.91 1.1 14.03 3.14 14.37 4.63 curveto
14.71 6.12 14.17 6.61 15.2 6.56 curveto
16.23 6.52 16.94 4.95 18.31 6.2 curveto
19.67 7.45 20.58 8.8 22.45 10.18 curveto
24.28 11.53 26.92 13.99 30.96 14.18 curveto
35.05 14.38 37.99 14.85 41.39 14.68 curveto
44.78 14.51 47.25 14.23 47.76 12.5 curveto
48.27 10.76 49.31 6.46 50.92 4.94 curveto
52.52 3.41 53.36 0.31 54.55 -2.78 curveto
55.74 -5.87 56.27 -8.54 56.85 -10.85 curveto
57.43 -13.15 57.79 -14.46 59.52 -16.47 curveto
61.25 -18.47 62.58 -20.83 62.58 -20.83 curveto stroke
newpath 68.99 -5.88 moveto
68.99 -5.88 67.82 -2.48 66.21 -2.08 curveto
64.62 -1.67 63.55 -2.78 62.6 -1.63 curveto
61.65 -0.49 58.89 5.33 56.45 7.29 curveto
54 9.25 52.96 10.33 51.33 12.87 curveto
49.69 15.4 48.71 17.08 46.88 18.04 curveto
45.08 18.99 44.8 19.61 41.71 19.15 curveto
38.6 18.67 38.77 19.31 35.29 19.29 curveto
31.81 19.27 32.08 19.27 29.67 19.89 curveto
27.27 20.51 24.52 22.33 21.28 21.62 curveto
17.94 20.89 15.71 20.01 11.74 17.74 curveto
8.08 15.65 0.11 10.85 -2.29 9.02 curveto
-4.68 7.2 -9.45 3.85 -12.52 0.99 curveto
-15.6 -1.87 -18.1 -5.57 -21.59 -8.23 curveto
-25.07 -10.88 -27.16 -13.01 -29.86 -12.58 curveto
-32.54 -12.15 -33.6 -12.56 -38.59 -9.18 curveto
-44.38 -5.25 -48.43 -4.36 -49.71 -2.72 curveto
-51.02 -1.04 -54.12 1.08 -54.49 2.64 curveto
-54.87 4.2 -55.51 6.48 -56.78 8.65 curveto
-58.04 10.81 -59.13 12.52 -60.58 13.15 curveto
-62.03 13.77 -62.94 14.05 -62.94 14.05 curveto stroke
 0.83 0.54 0 0 setcmykcolor 0 0.35 dtransform truncate idtransform setlinewidth pop
newpath 19.1624 26.34387 moveto
19.1968 25.7652 20.1854 25.62413 20.08392 24.99615 curveto
19.95227 24.18134 18.22397 24.8303 18.25961 23.83585 curveto
18.29828 22.75662 20.01157 23.66832 20.27843 22.90398 curveto
20.5779 22.0463 19.1913 22.03247 18.894 21.41927 curveto
18.53197 20.67255 19.53339 20.09993 19.57759 19.35614 curveto stroke
newpath 18.42792 21.56561 moveto
18.28409 21.38441 18.16812 21.19829 18.1565 21.00061 curveto
18.10777 20.1722 19.25212 20.0264 19.57759 19.35614 curveto
19.8214 20.06021 19.11534 20.9725 19.73558 21.52382 curveto
19.88358 21.65536 20.09717 21.70497 20.32703 21.7314 curveto
 closepath stroke
newpath 18.42792 21.56561 moveto
18.28409 21.38441 18.16812 21.19829 18.1565 21.00061 curveto
18.10777 20.1722 19.25212 20.0264 19.57759 19.35614 curveto
19.8214 20.06021 19.11534 20.9725 19.73558 21.52382 curveto
19.88358 21.65536 20.09717 21.70497 20.32703 21.7314 curveto
 closepath fill
 0 0 0 1 setcmykcolor
newpath 23.74004 5.78996 moveto
24.79 8.94005 lineto
25.83995 5.78996 lineto stroke
newpath 20.94008 3.68994 moveto
21.99004 6.84003 lineto
23.04 3.68994 lineto stroke
newpath 26.54 4.38998 moveto
27.58995 7.54007 lineto
28.63991 4.38998 lineto stroke
 0 0.4 0.8 0 setcmykcolor
newpath 14.33006 23.86996 moveto
16.42998 23.86996 lineto stroke
newpath 10.13002 23.86996 moveto
12.22993 23.86996 lineto stroke
newpath 12.23004 25.27005 moveto
14.32996 25.27005 lineto stroke
-1 THsetalpha
 0 0 0.2 0 setcmykcolor
newpath 64.055 -2.89 moveto
64.055 -2.65793 63.96278 -2.43538 63.7987 -2.27129 curveto
63.63461 -2.10721 63.41206 -2.015 63.18 -2.015 curveto
62.94792 -2.015 62.72537 -2.10721 62.56128 -2.27129 curveto
62.3972 -2.43538 62.305 -2.65793 62.305 -2.89 curveto
62.305 -3.12207 62.3972 -3.34462 62.56128 -3.50871 curveto
62.72537 -3.67279 62.94792 -3.765 63.18 -3.765 curveto
63.41206 -3.765 63.63461 -3.67279 63.7987 -3.50871 curveto
63.96278 -3.34462 64.055 -3.12207 64.055 -2.89 curveto closepath fill
 0.1 0.88333 0 0.4 setcmykcolor
newpath 64.055 -2.89 moveto
64.055 -2.65793 63.96278 -2.43538 63.7987 -2.27129 curveto
63.63461 -2.10721 63.41206 -2.015 63.18 -2.015 curveto
62.94792 -2.015 62.72537 -2.10721 62.56128 -2.27129 curveto
62.3972 -2.43538 62.305 -2.65793 62.305 -2.89 curveto
62.305 -3.12207 62.3972 -3.34462 62.56128 -3.50871 curveto
62.72537 -3.67279 62.94792 -3.765 63.18 -3.765 curveto
63.41206 -3.765 63.63461 -3.67279 63.7987 -3.50871 curveto
63.96278 -3.34462 64.055 -3.12207 64.055 -2.89 curveto closepath stroke
-1 THsetalpha
 0 0 0.2 0 setcmykcolor
newpath 47.785 16.51 moveto
47.785 16.74207 47.6928 16.96461 47.52872 17.12871 curveto
47.36462 17.29279 47.14207 17.385 46.91 17.385 curveto
46.67793 17.385 46.45538 17.29279 46.29129 17.12871 curveto
46.12721 16.96461 46.035 16.74207 46.035 16.51 curveto
46.035 16.27792 46.12721 16.05537 46.29129 15.89128 curveto
46.45538 15.7272 46.67793 15.635 46.91 15.635 curveto
47.14207 15.635 47.36462 15.7272 47.52872 15.89128 curveto
47.6928 16.05537 47.785 16.27792 47.785 16.51 curveto closepath fill
 0.1 0.88333 0 0.4 setcmykcolor
newpath 47.785 16.51 moveto
47.785 16.74207 47.6928 16.96461 47.52872 17.12871 curveto
47.36462 17.29279 47.14207 17.385 46.91 17.385 curveto
46.67793 17.385 46.45538 17.29279 46.29129 17.12871 curveto
46.12721 16.96461 46.035 16.74207 46.035 16.51 curveto
46.035 16.27792 46.12721 16.05537 46.29129 15.89128 curveto
46.45538 15.7272 46.67793 15.635 46.91 15.635 curveto
47.14207 15.635 47.36462 15.7272 47.52872 15.89128 curveto
47.6928 16.05537 47.785 16.27792 47.785 16.51 curveto closepath stroke
-1 THsetalpha
 0 0 0.2 0 setcmykcolor
newpath 19.065 17.51 moveto
19.065 17.74207 18.9728 17.96461 18.80872 18.12871 curveto
18.64462 18.29279 18.42207 18.385 18.19 18.385 curveto
17.95793 18.385 17.73538 18.29279 17.57129 18.12871 curveto
17.40721 17.96461 17.315 17.74207 17.315 17.51 curveto
17.315 17.27792 17.40721 17.05537 17.57129 16.89128 curveto
17.73538 16.7272 17.95793 16.635 18.19 16.635 curveto
18.42207 16.635 18.64462 16.7272 18.80872 16.89128 curveto
18.9728 17.05537 19.065 17.27792 19.065 17.51 curveto closepath fill
 0.1 0.88333 0 0.4 setcmykcolor
newpath 19.065 17.51 moveto
19.065 17.74207 18.9728 17.96461 18.80872 18.12871 curveto
18.64462 18.29279 18.42207 18.385 18.19 18.385 curveto
17.95793 18.385 17.73538 18.29279 17.57129 18.12871 curveto
17.40721 17.96461 17.315 17.74207 17.315 17.51 curveto
17.315 17.27792 17.40721 17.05537 17.57129 16.89128 curveto
17.73538 16.7272 17.95793 16.635 18.19 16.635 curveto
18.42207 16.635 18.64462 16.7272 18.80872 16.89128 curveto
18.9728 17.05537 19.065 17.27792 19.065 17.51 curveto closepath stroke
-1 THsetalpha
 0 0 0.2 0 setcmykcolor
newpath 21.915 9.68 moveto
21.915 9.91206 21.82278 10.13461 21.6587 10.2987 curveto
21.49461 10.46278 21.27206 10.555 21.04 10.555 curveto
20.80792 10.555 20.58537 10.46278 20.42128 10.2987 curveto
20.2572 10.13461 20.165 9.91206 20.165 9.68 curveto
20.165 9.44792 20.2572 9.22537 20.42128 9.06128 curveto
20.58537 8.8972 20.80792 8.805 21.04 8.805 curveto
21.27206 8.805 21.49461 8.8972 21.6587 9.06128 curveto
21.82278 9.22537 21.915 9.44792 21.915 9.68 curveto closepath fill
 0.1 0.88333 0 0.4 setcmykcolor
newpath 21.915 9.68 moveto
21.915 9.91206 21.82278 10.13461 21.6587 10.2987 curveto
21.49461 10.46278 21.27206 10.555 21.04 10.555 curveto
20.80792 10.555 20.58537 10.46278 20.42128 10.2987 curveto
20.2572 10.13461 20.165 9.91206 20.165 9.68 curveto
20.165 9.44792 20.2572 9.22537 20.42128 9.06128 curveto
20.58537 8.8972 20.80792 8.805 21.04 8.805 curveto
21.27206 8.805 21.49461 8.8972 21.6587 9.06128 curveto
21.82278 9.22537 21.915 9.44792 21.915 9.68 curveto closepath stroke
-1 THsetalpha
 0 0 0.2 0 setcmykcolor
newpath 5.655 5.32 moveto
5.655 5.55208 5.56279 5.77463 5.39871 5.93872 curveto
5.23462 6.1028 5.01207 6.195 4.78 6.195 curveto
4.54793 6.195 4.32538 6.1028 4.16129 5.93872 curveto
3.99721 5.77463 3.905 5.55208 3.905 5.32 curveto
3.905 5.08794 3.99721 4.86539 4.16129 4.7013 curveto
4.32538 4.53722 4.54793 4.445 4.78 4.445 curveto
5.01207 4.445 5.23462 4.53722 5.39871 4.7013 curveto
5.56279 4.86539 5.655 5.08794 5.655 5.32 curveto closepath fill
 0.1 0.88333 0 0.4 setcmykcolor
newpath 5.655 5.32 moveto
5.655 5.55208 5.56279 5.77463 5.39871 5.93872 curveto
5.23462 6.1028 5.01207 6.195 4.78 6.195 curveto
4.54793 6.195 4.32538 6.1028 4.16129 5.93872 curveto
3.99721 5.77463 3.905 5.55208 3.905 5.32 curveto
3.905 5.08794 3.99721 4.86539 4.16129 4.7013 curveto
4.32538 4.53722 4.54793 4.445 4.78 4.445 curveto
5.01207 4.445 5.23462 4.53722 5.39871 4.7013 curveto
5.56279 4.86539 5.655 5.08794 5.655 5.32 curveto closepath stroke
-1 THsetalpha
 0 0 0.2 0 setcmykcolor
newpath -21.915 -13.98 moveto
-21.915 -13.74792 -22.0072 -13.52538 -22.17128 -13.36128 curveto
-22.33537 -13.1972 -22.55792 -13.105 -22.79 -13.105 curveto
-23.02206 -13.105 -23.24461 -13.1972 -23.4087 -13.36128 curveto
-23.57278 -13.52538 -23.665 -13.74792 -23.665 -13.98 curveto
-23.665 -14.21207 -23.57278 -14.43462 -23.4087 -14.59871 curveto
-23.24461 -14.76279 -23.02206 -14.855 -22.79 -14.855 curveto
-22.55792 -14.855 -22.33537 -14.76279 -22.17128 -14.59871 curveto
-22.0072 -14.43462 -21.915 -14.21207 -21.915 -13.98 curveto closepath fill
 0.1 0.88333 0 0.4 setcmykcolor
newpath -21.915 -13.98 moveto
-21.915 -13.74792 -22.0072 -13.52538 -22.17128 -13.36128 curveto
-22.33537 -13.1972 -22.55792 -13.105 -22.79 -13.105 curveto
-23.02206 -13.105 -23.24461 -13.1972 -23.4087 -13.36128 curveto
-23.57278 -13.52538 -23.665 -13.74792 -23.665 -13.98 curveto
-23.665 -14.21207 -23.57278 -14.43462 -23.4087 -14.59871 curveto
-23.24461 -14.76279 -23.02206 -14.855 -22.79 -14.855 curveto
-22.55792 -14.855 -22.33537 -14.76279 -22.17128 -14.59871 curveto
-22.0072 -14.43462 -21.915 -14.21207 -21.915 -13.98 curveto closepath stroke
-1 THsetalpha
 0 0 0.2 0 setcmykcolor
newpath -37.935 -13.98 moveto
-37.935 -13.74792 -38.0272 -13.52538 -38.19128 -13.36128 curveto
-38.35538 -13.1972 -38.57793 -13.105 -38.81 -13.105 curveto
-39.04207 -13.105 -39.26462 -13.1972 -39.42871 -13.36128 curveto
-39.59279 -13.52538 -39.685 -13.74792 -39.685 -13.98 curveto
-39.685 -14.21207 -39.59279 -14.43462 -39.42871 -14.59871 curveto
-39.26462 -14.76279 -39.04207 -14.855 -38.81 -14.855 curveto
-38.57793 -14.855 -38.35538 -14.76279 -38.19128 -14.59871 curveto
-38.0272 -14.43462 -37.935 -14.21207 -37.935 -13.98 curveto closepath fill
 0.1 0.88333 0 0.4 setcmykcolor
newpath -37.935 -13.98 moveto
-37.935 -13.74792 -38.0272 -13.52538 -38.19128 -13.36128 curveto
-38.35538 -13.1972 -38.57793 -13.105 -38.81 -13.105 curveto
-39.04207 -13.105 -39.26462 -13.1972 -39.42871 -13.36128 curveto
-39.59279 -13.52538 -39.685 -13.74792 -39.685 -13.98 curveto
-39.685 -14.21207 -39.59279 -14.43462 -39.42871 -14.59871 curveto
-39.26462 -14.76279 -39.04207 -14.855 -38.81 -14.855 curveto
-38.57793 -14.855 -38.35538 -14.76279 -38.19128 -14.59871 curveto
-38.0272 -14.43462 -37.935 -14.21207 -37.935 -13.98 curveto closepath stroke
-1 THsetalpha
 0 0 0.2 0 setcmykcolor
newpath -52.415 -0.47 moveto
-52.415 -0.23793 -52.5072 -0.01538 -52.67128 0.14871 curveto
-52.83537 0.31279 -53.05792 0.405 -53.29 0.405 curveto
-53.52206 0.405 -53.74461 0.31279 -53.9087 0.14871 curveto
-54.07278 -0.01538 -54.165 -0.23793 -54.165 -0.47 curveto
-54.165 -0.70207 -54.07278 -0.92462 -53.9087 -1.08871 curveto
-53.74461 -1.25279 -53.52206 -1.345 -53.29 -1.345 curveto
-53.05792 -1.345 -52.83537 -1.25279 -52.67128 -1.08871 curveto
-52.5072 -0.92462 -52.415 -0.70207 -52.415 -0.47 curveto closepath fill
 0.1 0.88333 0 0.4 setcmykcolor
newpath -52.415 -0.47 moveto
-52.415 -0.23793 -52.5072 -0.01538 -52.67128 0.14871 curveto
-52.83537 0.31279 -53.05792 0.405 -53.29 0.405 curveto
-53.52206 0.405 -53.74461 0.31279 -53.9087 0.14871 curveto
-54.07278 -0.01538 -54.165 -0.23793 -54.165 -0.47 curveto
-54.165 -0.70207 -54.07278 -0.92462 -53.9087 -1.08871 curveto
-53.74461 -1.25279 -53.52206 -1.345 -53.29 -1.345 curveto
-53.05792 -1.345 -52.83537 -1.25279 -52.67128 -1.08871 curveto
-52.5072 -0.92462 -52.415 -0.70207 -52.415 -0.47 curveto closepath stroke
-1 THsetalpha
 0 0 0.2 0 setcmykcolor
newpath -61.695 12.78 moveto
-61.695 13.01207 -61.78722 13.23462 -61.9513 13.39871 curveto
-62.11539 13.56279 -62.33794 13.655 -62.57 13.655 curveto
-62.80208 13.655 -63.02463 13.56279 -63.18872 13.39871 curveto
-63.3528 13.23462 -63.445 13.01207 -63.445 12.78 curveto
-63.445 12.54793 -63.3528 12.32538 -63.18872 12.16129 curveto
-63.02463 11.99721 -62.80208 11.905 -62.57 11.905 curveto
-62.33794 11.905 -62.11539 11.99721 -61.9513 12.16129 curveto
-61.78722 12.32538 -61.695 12.54793 -61.695 12.78 curveto closepath fill
 0.1 0.88333 0 0.4 setcmykcolor
newpath -61.695 12.78 moveto
-61.695 13.01207 -61.78722 13.23462 -61.9513 13.39871 curveto
-62.11539 13.56279 -62.33794 13.655 -62.57 13.655 curveto
-62.80208 13.655 -63.02463 13.56279 -63.18872 13.39871 curveto
-63.3528 13.23462 -63.445 13.01207 -63.445 12.78 curveto
-63.445 12.54793 -63.3528 12.32538 -63.18872 12.16129 curveto
-63.02463 11.99721 -62.80208 11.905 -62.57 11.905 curveto
-62.33794 11.905 -62.11539 11.99721 -61.9513 12.16129 curveto
-61.78722 12.32538 -61.695 12.54793 -61.695 12.78 curveto closepath stroke
showpage
%%EOF
