%!PS
%%BoundingBox: -69 -108 83 106 
%%HiResBoundingBox: -68.11455 -107.37997 82.27 105.91 
%%Creator: MetaPost 1.999
%%CreationDate: 2021.08.16:1551
%%Pages: 1
%%BeginProlog
%%EndProlog
%%Page: 1 1
 0 0 0 1 setcmykcolor 0 0.7 dtransform truncate idtransform setlinewidth pop
 [] 0 setdash 1 setlinecap 1 setlinejoin 10 setmiterlimit
newpath 30.44 105.56 moveto
30.44 105.56 28.28 104.65 25.2 104.1 curveto
22.13 103.55 19.79 104.09 19.25 100.12 curveto
18.71 96.17 20.52 87.16 17.1 85.72 curveto
13.67 84.28 9.17 79.95 7.2 83.02 curveto
5.22 86.09 3.79 88.43 1.81 87.17 curveto
-0.18 85.91 -0.9 83.03 -4.5 85.01 curveto
-8.1 86.99 -13.68 90.94 -16.56 89.14 curveto
-19.44 87.34 -19.26 82.13 -22.68 86.81 curveto
-26.11 91.5 -26.84 96.18 -29.9 97.62 curveto
-32.96 99.06 -46.61 102.62 -50.57 98.13 curveto
-54.53 93.64 -53.09 94.9 -51.3 88.97 curveto
-49.51 83.03 -42.67 67.18 -40.86 61.05 curveto
-39.06 54.94 -39.42 54.94 -35.46 45.58 curveto
-31.5 36.25 -24.47 22.9 -26.1 19.12 curveto
-27.71 15.36 -24.66 8.51 -31.86 8.53 curveto
-39.05 8.56 -59.03 15.42 -63.55 9.45 curveto
-68.04 3.52 -69.14 4.98 -65.89 -2.02 curveto
-62.66 -8.97 -60.88 -14.76 -59.59 -21.6 curveto
-58.36 -28.09 -55.13 -41.43 -55.13 -41.43 curveto
-53.77 -44.37 lineto stroke
newpath -44.76 -43.29 moveto
-44.76 -43.29 -47.18 -21.64 -49.32 -18.35 curveto
-51.51 -14.99 -59.05 -1.5 -53.65 -1.29 curveto
-48.24 -1.07 -34.57 2.59 -30.96 -1.19 curveto
-27.37 -4.94 -21.44 -12.71 -19.26 -18.28 curveto
-17.11 -23.77 -7.38 -42.82 -10.44 -43.11 curveto
-13.49 -43.39 -15.28 -50.77 -15.28 -50.77 curveto stroke
newpath -9.35 -54.45 moveto
-9.35 -54.45 -8.26 -47.26 -1.8 -44.39 curveto
4.7 -41.5 17.99 -34.68 19.97 -37.2 curveto
21.95 -39.72 24.28 -40.99 26.45 -46.04 curveto
28.61 -51.06 29.16 -59.88 32.05 -62.59 curveto
34.92 -65.28 52.92 -79.67 55.26 -82.02 curveto
57.6 -84.38 63 -85.29 62.46 -88.35 curveto
61.92 -91.4 58.68 -95.16 58.68 -95.16 curveto stroke
newpath 65.7 -97.32 moveto
65.7 -97.32 79.76 -75.15 80.12 -73.17 curveto
80.48 -71.18 81.92 -67.21 81.92 -67.21 curveto stroke
newpath 75.62 -65.59 moveto
75.62 -65.59 70.2 -83.31 64.63 -79.52 curveto
59.04 -75.72 42.48 -67.42 37.81 -58.8 curveto
33.11 -50.15 33.1 -44.59 28.43 -39.73 curveto
23.75 -34.87 25.01 -33.26 17.99 -31.98 curveto
10.97 -30.69 7.92 -36.78 -0.36 -29.55 curveto
-8.63 -22.33 -11.53 -18.78 -15.48 -13.24 curveto
-19.46 -7.65 -28.43 -0.49 -25.02 4.01 curveto
-21.59 8.53 -16.56 18.05 -18.71 22.54 curveto
-20.88 27.06 -25.74 47.93 -26.64 49.01 curveto
-27.54 50.09 -29.16 45.76 -31.5 52.42 curveto
-33.84 59.07 -35.28 64.83 -35.28 66.64 curveto
-35.28 68.44 -37.45 79.79 -38.71 83.57 curveto
-39.97 87.35 -45.18 91.29 -40.15 91.84 curveto
-35.12 92.39 -33.86 95.27 -31.34 90.95 curveto
-28.81 86.63 -25.39 78.35 -20.7 81.05 curveto
-16.02 83.74 -16.38 85.18 -10.8 83.75 curveto
-5.22 82.31 -0.54 81.41 2.16 82.49 curveto
4.86 83.57 5.03 77.07 8.99 78.87 curveto
12.96 80.67 21.42 83.2 21.42 87.16 curveto
21.42 91.13 22.13 100.12 25.02 100.85 curveto
27.91 101.59 31.52 102.31 32.24 102.85 curveto
32.96 103.4 33.5 104.48 33.5 104.48 curveto stroke
 0.83 0.54 0 0 setcmykcolor 0 0.35 dtransform truncate idtransform setlinewidth pop
newpath -30.1389 67.59866 moveto
-30.45377 67.11195 -29.74054 66.413 -30.19409 65.96698 curveto
-30.78258 65.38823 -31.79124 66.9344 -32.35126 66.11186 curveto
-32.95898 65.21922 -31.0385 64.9397 -31.27591 64.16571 curveto
-31.54234 63.29718 -32.66798 64.10693 -33.27061 63.78874 curveto
-34.00446 63.40128 -33.53638 62.34694 -33.94109 61.72134 curveto stroke
newpath -33.5596 64.18259 moveto
-33.78279 64.12172 -33.98643 64.04037 -34.11282 63.88794 curveto
-34.64252 63.24915 -33.8066 62.4542 -33.94109 61.72134 curveto
-33.32777 62.14444 -33.35672 63.29765 -32.53047 63.37477 curveto
-32.33333 63.39319 -32.13182 63.30672 -31.93094 63.19194 curveto
 closepath stroke
newpath -33.5596 64.18259 moveto
-33.78279 64.12172 -33.98643 64.04037 -34.11282 63.88794 curveto
-34.64252 63.24915 -33.8066 62.4542 -33.94109 61.72134 curveto
-33.32777 62.14444 -33.35672 63.29765 -32.53047 63.37477 curveto
-32.33333 63.39319 -32.13182 63.30672 -31.93094 63.19194 curveto
 closepath fill
 0 0 0 1 setcmykcolor
newpath 80.13995 -56.25002 moveto
80.13995 -55.31662 81.54004 -55.31662 81.54004 -56.25002 curveto
81.54004 -56.9016 80.84 -57.34843 80.84 -58.00002 curveto stroke
 0 0.84 dtransform truncate idtransform setlinewidth pop
newpath 80.84 -59.04997 moveto 0 0 rlineto stroke
 0 0.35 dtransform truncate idtransform setlinewidth pop
newpath 57.97995 -104.16002 moveto
57.97995 -103.22662 59.38004 -103.22662 59.38004 -104.16002 curveto
59.38004 -104.8116 58.68 -105.25844 58.68 -105.91002 curveto stroke
 0 0.84 dtransform truncate idtransform setlinewidth pop
newpath 58.68 -106.95998 moveto 0 0 rlineto stroke
 0 0.35 dtransform truncate idtransform setlinewidth pop
newpath -14.90004 -54.37003 moveto
-14.90004 -53.43663 -13.49995 -53.43663 -13.49995 -54.37003 curveto
-13.49995 -55.0216 -14.2 -55.46844 -14.2 -56.12003 curveto stroke
 0 0.84 dtransform truncate idtransform setlinewidth pop
newpath -14.2 -57.16998 moveto 0 0 rlineto stroke
 0 0.36539 0.88461 0.48 setcmykcolor 0 0.35
 dtransform truncate idtransform setlinewidth pop
newpath -11.10002 92.75 moveto
-11.10002 94.15001 -9 94.15001 -9 92.75 curveto
-9 91.34999 -6.89998 91.34999 -6.89998 92.75 curveto stroke
newpath -2.11002 73.67 moveto
-2.11002 75.07 -0.01 75.07 -0.01 73.67 curveto
-0.01 72.26999 2.09003 72.26999 2.09003 73.67 curveto stroke
newpath 9.23997 94.91 moveto
9.23997 96.31001 11.34 96.31001 11.34 94.91 curveto
11.34 93.51 13.44002 93.51 13.44002 94.91 curveto stroke
newpath 25.44998 92.76 moveto
25.44998 94.16 27.55 94.16 27.55 92.76 curveto
27.55 91.35999 29.65002 91.35999 29.65002 92.76 curveto stroke
 0 0 0 1 setcmykcolor
newpath 28.53004 -68.89001 moveto
29.84793 -67.78415 31.33 -69.91032 31.33 -72.74004 curveto
31.33 -69.91032 32.81207 -67.78415 34.12996 -68.89001 curveto stroke
newpath 59.28 -80.6 moveto
62.78 -80.6 lineto stroke
 0.35 0 dtransform exch truncate exch idtransform pop setlinewidth
newpath 61.03 -82.35 moveto
61.03 -78.85 lineto stroke
 0 0.35 dtransform truncate idtransform setlinewidth pop
newpath 55.14 -77.52 moveto
58.64 -77.52 lineto stroke
 0.35 0 dtransform exch truncate exch idtransform pop setlinewidth
newpath 56.89 -79.27 moveto
56.89 -75.77 lineto stroke
 0 0.35 dtransform truncate idtransform setlinewidth pop
newpath 6.86005 -25.45004 moveto
7.91 -22.29996 lineto
8.95996 -25.45004 lineto stroke
newpath 4.06009 -27.55006 moveto
5.11005 -24.39998 lineto
6.16 -27.55006 lineto stroke
newpath 9.66 -26.85002 moveto
10.70996 -23.69994 lineto
11.75992 -26.85002 lineto stroke
newpath 15.86005 -25.49004 moveto
16.91 -22.33995 lineto
17.95996 -25.49004 lineto stroke
newpath 13.06009 -27.59006 moveto
14.11005 -24.43997 lineto
15.16 -27.59006 lineto stroke
newpath 18.66 -26.89001 moveto
19.70996 -23.73993 lineto
20.75992 -26.89001 lineto stroke
-1 THsetalpha
 0 0 0.2 0 setcmykcolor
newpath 22.355 101.08 moveto
22.355 101.31207 22.26279 101.53462 22.09871 101.69872 curveto
21.93462 101.8628 21.71207 101.955 21.48 101.955 curveto
21.24792 101.955 21.02538 101.8628 20.86128 101.69872 curveto
20.6972 101.53462 20.605 101.31207 20.605 101.08 curveto
20.605 100.84793 20.6972 100.62538 20.86128 100.46129 curveto
21.02538 100.29721 21.24792 100.205 21.48 100.205 curveto
21.71207 100.205 21.93462 100.29721 22.09871 100.46129 curveto
22.26279 100.62538 22.355 100.84793 22.355 101.08 curveto closepath fill
 0.1 0.88333 0 0.4 setcmykcolor
newpath 22.355 101.08 moveto
22.355 101.31207 22.26279 101.53462 22.09871 101.69872 curveto
21.93462 101.8628 21.71207 101.955 21.48 101.955 curveto
21.24792 101.955 21.02538 101.8628 20.86128 101.69872 curveto
20.6972 101.53462 20.605 101.31207 20.605 101.08 curveto
20.605 100.84793 20.6972 100.62538 20.86128 100.46129 curveto
21.02538 100.29721 21.24792 100.205 21.48 100.205 curveto
21.71207 100.205 21.93462 100.29721 22.09871 100.46129 curveto
22.26279 100.62538 22.355 100.84793 22.355 101.08 curveto closepath stroke
-1 THsetalpha
 0 0 0.2 0 setcmykcolor
newpath 20.155 85.42 moveto
20.155 85.65207 20.06279 85.87462 19.89871 86.03871 curveto
19.73462 86.20279 19.51207 86.295 19.28 86.295 curveto
19.04793 86.295 18.82538 86.20279 18.66129 86.03871 curveto
18.49721 85.87462 18.405 85.65207 18.405 85.42 curveto
18.405 85.18793 18.49721 84.96538 18.66129 84.80128 curveto
18.82538 84.6372 19.04793 84.545 19.28 84.545 curveto
19.51207 84.545 19.73462 84.6372 19.89871 84.80128 curveto
20.06279 84.96538 20.155 85.18793 20.155 85.42 curveto closepath fill
 0.1 0.88333 0 0.4 setcmykcolor
newpath 20.155 85.42 moveto
20.155 85.65207 20.06279 85.87462 19.89871 86.03871 curveto
19.73462 86.20279 19.51207 86.295 19.28 86.295 curveto
19.04793 86.295 18.82538 86.20279 18.66129 86.03871 curveto
18.49721 85.87462 18.405 85.65207 18.405 85.42 curveto
18.405 85.18793 18.49721 84.96538 18.66129 84.80128 curveto
18.82538 84.6372 19.04793 84.545 19.28 84.545 curveto
19.51207 84.545 19.73462 84.6372 19.89871 84.80128 curveto
20.06279 84.96538 20.155 85.18793 20.155 85.42 curveto closepath stroke
-1 THsetalpha
 0 0 0.2 0 setcmykcolor
newpath 8.555 80.25 moveto
8.555 80.48207 8.46278 80.70462 8.2987 80.86871 curveto
8.13461 81.03279 7.91206 81.125 7.68 81.125 curveto
7.44792 81.125 7.22537 81.03279 7.06128 80.86871 curveto
6.8972 80.70462 6.805 80.48207 6.805 80.25 curveto
6.805 80.01793 6.8972 79.79538 7.06128 79.63129 curveto
7.22537 79.46721 7.44792 79.375 7.68 79.375 curveto
7.91206 79.375 8.13461 79.46721 8.2987 79.63129 curveto
8.46278 79.79538 8.555 80.01793 8.555 80.25 curveto closepath fill
 0.1 0.88333 0 0.4 setcmykcolor
newpath 8.555 80.25 moveto
8.555 80.48207 8.46278 80.70462 8.2987 80.86871 curveto
8.13461 81.03279 7.91206 81.125 7.68 81.125 curveto
7.44792 81.125 7.22537 81.03279 7.06128 80.86871 curveto
6.8972 80.70462 6.805 80.48207 6.805 80.25 curveto
6.805 80.01793 6.8972 79.79538 7.06128 79.63129 curveto
7.22537 79.46721 7.44792 79.375 7.68 79.375 curveto
7.91206 79.375 8.13461 79.46721 8.2987 79.63129 curveto
8.46278 79.79538 8.555 80.01793 8.555 80.25 curveto closepath stroke
-1 THsetalpha
 0 0 0.2 0 setcmykcolor
newpath 4.235 85.4 moveto
4.235 85.63206 4.14279 85.85461 3.97871 86.0187 curveto
3.81462 86.18279 3.59207 86.275 3.36 86.275 curveto
3.12793 86.275 2.90538 86.18279 2.74129 86.0187 curveto
2.57721 85.85461 2.485 85.63206 2.485 85.4 curveto
2.485 85.16792 2.57721 84.94537 2.74129 84.78128 curveto
2.90538 84.6172 3.12793 84.525 3.36 84.525 curveto
3.59207 84.525 3.81462 84.6172 3.97871 84.78128 curveto
4.14279 84.94537 4.235 85.16792 4.235 85.4 curveto closepath fill
 0.1 0.88333 0 0.4 setcmykcolor
newpath 4.235 85.4 moveto
4.235 85.63206 4.14279 85.85461 3.97871 86.0187 curveto
3.81462 86.18279 3.59207 86.275 3.36 86.275 curveto
3.12793 86.275 2.90538 86.18279 2.74129 86.0187 curveto
2.57721 85.85461 2.485 85.63206 2.485 85.4 curveto
2.485 85.16792 2.57721 84.94537 2.74129 84.78128 curveto
2.90538 84.6172 3.12793 84.525 3.36 84.525 curveto
3.59207 84.525 3.81462 84.6172 3.97871 84.78128 curveto
4.14279 84.94537 4.235 85.16792 4.235 85.4 curveto closepath stroke
-1 THsetalpha
 0 0 0.2 0 setcmykcolor
newpath -2.235 83.05 moveto
-2.235 83.28207 -2.32721 83.50462 -2.49129 83.66872 curveto
-2.65538 83.8328 -2.87793 83.925 -3.11 83.925 curveto
-3.34207 83.925 -3.56462 83.8328 -3.72871 83.66872 curveto
-3.89279 83.50462 -3.985 83.28207 -3.985 83.05 curveto
-3.985 82.81793 -3.89279 82.59538 -3.72871 82.43129 curveto
-3.56462 82.26721 -3.34207 82.175 -3.11 82.175 curveto
-2.87793 82.175 -2.65538 82.26721 -2.49129 82.43129 curveto
-2.32721 82.59538 -2.235 82.81793 -2.235 83.05 curveto closepath fill
 0.1 0.88333 0 0.4 setcmykcolor
newpath -2.235 83.05 moveto
-2.235 83.28207 -2.32721 83.50462 -2.49129 83.66872 curveto
-2.65538 83.8328 -2.87793 83.925 -3.11 83.925 curveto
-3.34207 83.925 -3.56462 83.8328 -3.72871 83.66872 curveto
-3.89279 83.50462 -3.985 83.28207 -3.985 83.05 curveto
-3.985 82.81793 -3.89279 82.59538 -3.72871 82.43129 curveto
-3.56462 82.26721 -3.34207 82.175 -3.11 82.175 curveto
-2.87793 82.175 -2.65538 82.26721 -2.49129 82.43129 curveto
-2.32721 82.59538 -2.235 82.81793 -2.235 83.05 curveto closepath stroke
-1 THsetalpha
 0 0 0.2 0 setcmykcolor
newpath -15.135 87.49 moveto
-15.135 87.72208 -15.2272 87.94463 -15.39128 88.10872 curveto
-15.55537 88.2728 -15.77792 88.365 -16.01 88.365 curveto
-16.24207 88.365 -16.46461 88.2728 -16.62871 88.10872 curveto
-16.79279 87.94463 -16.885 87.72208 -16.885 87.49 curveto
-16.885 87.25793 -16.79279 87.03539 -16.62871 86.87129 curveto
-16.46461 86.70721 -16.24207 86.615 -16.01 86.615 curveto
-15.77792 86.615 -15.55537 86.70721 -15.39128 86.87129 curveto
-15.2272 87.03539 -15.135 87.25793 -15.135 87.49 curveto closepath fill
 0.1 0.88333 0 0.4 setcmykcolor
newpath -15.135 87.49 moveto
-15.135 87.72208 -15.2272 87.94463 -15.39128 88.10872 curveto
-15.55537 88.2728 -15.77792 88.365 -16.01 88.365 curveto
-16.24207 88.365 -16.46461 88.2728 -16.62871 88.10872 curveto
-16.79279 87.94463 -16.885 87.72208 -16.885 87.49 curveto
-16.885 87.25793 -16.79279 87.03539 -16.62871 86.87129 curveto
-16.46461 86.70721 -16.24207 86.615 -16.01 86.615 curveto
-15.77792 86.615 -15.55537 86.70721 -15.39128 86.87129 curveto
-15.2272 87.03539 -15.135 87.25793 -15.135 87.49 curveto closepath stroke
-1 THsetalpha
 0 0 0.2 0 setcmykcolor
newpath -21.795 82.28 moveto
-21.795 82.51207 -21.8872 82.73462 -22.05128 82.89871 curveto
-22.21538 83.06279 -22.43793 83.155 -22.67 83.155 curveto
-22.90207 83.155 -23.12462 83.06279 -23.28871 82.89871 curveto
-23.45279 82.73462 -23.545 82.51207 -23.545 82.28 curveto
-23.545 82.04793 -23.45279 81.82538 -23.28871 81.66129 curveto
-23.12462 81.49721 -22.90207 81.405 -22.67 81.405 curveto
-22.43793 81.405 -22.21538 81.49721 -22.05128 81.66129 curveto
-21.8872 81.82538 -21.795 82.04793 -21.795 82.28 curveto closepath fill
 0.1 0.88333 0 0.4 setcmykcolor
newpath -21.795 82.28 moveto
-21.795 82.51207 -21.8872 82.73462 -22.05128 82.89871 curveto
-22.21538 83.06279 -22.43793 83.155 -22.67 83.155 curveto
-22.90207 83.155 -23.12462 83.06279 -23.28871 82.89871 curveto
-23.45279 82.73462 -23.545 82.51207 -23.545 82.28 curveto
-23.545 82.04793 -23.45279 81.82538 -23.28871 81.66129 curveto
-23.12462 81.49721 -22.90207 81.405 -22.67 81.405 curveto
-22.43793 81.405 -22.21538 81.49721 -22.05128 81.66129 curveto
-21.8872 81.82538 -21.795 82.04793 -21.795 82.28 curveto closepath stroke
-1 THsetalpha
 0 0 0.2 0 setcmykcolor
newpath -30.455 94.65 moveto
-30.455 94.88206 -30.54721 95.10461 -30.71129 95.2687 curveto
-30.87538 95.43279 -31.09793 95.525 -31.33 95.525 curveto
-31.56207 95.525 -31.78462 95.43279 -31.94872 95.2687 curveto
-32.1128 95.10461 -32.205 94.88206 -32.205 94.65 curveto
-32.205 94.41792 -32.1128 94.19537 -31.94872 94.03128 curveto
-31.78462 93.8672 -31.56207 93.775 -31.33 93.775 curveto
-31.09793 93.775 -30.87538 93.8672 -30.71129 94.03128 curveto
-30.54721 94.19537 -30.455 94.41792 -30.455 94.65 curveto closepath fill
 0.1 0.88333 0 0.4 setcmykcolor
newpath -30.455 94.65 moveto
-30.455 94.88206 -30.54721 95.10461 -30.71129 95.2687 curveto
-30.87538 95.43279 -31.09793 95.525 -31.33 95.525 curveto
-31.56207 95.525 -31.78462 95.43279 -31.94872 95.2687 curveto
-32.1128 95.10461 -32.205 94.88206 -32.205 94.65 curveto
-32.205 94.41792 -32.1128 94.19537 -31.94872 94.03128 curveto
-31.78462 93.8672 -31.56207 93.775 -31.33 93.775 curveto
-31.09793 93.775 -30.87538 93.8672 -30.71129 94.03128 curveto
-30.54721 94.19537 -30.455 94.41792 -30.455 94.65 curveto closepath stroke
-1 THsetalpha
 0 0 0.2 0 setcmykcolor
newpath -46.195 96.86 moveto
-46.195 97.09207 -46.28722 97.31462 -46.4513 97.47871 curveto
-46.61539 97.64279 -46.83794 97.735 -47.07 97.735 curveto
-47.30208 97.735 -47.52463 97.64279 -47.68872 97.47871 curveto
-47.8528 97.31462 -47.945 97.09207 -47.945 96.86 curveto
-47.945 96.62793 -47.8528 96.40538 -47.68872 96.24129 curveto
-47.52463 96.07721 -47.30208 95.985 -47.07 95.985 curveto
-46.83794 95.985 -46.61539 96.07721 -46.4513 96.24129 curveto
-46.28722 96.40538 -46.195 96.62793 -46.195 96.86 curveto closepath fill
 0.1 0.88333 0 0.4 setcmykcolor
newpath -46.195 96.86 moveto
-46.195 97.09207 -46.28722 97.31462 -46.4513 97.47871 curveto
-46.61539 97.64279 -46.83794 97.735 -47.07 97.735 curveto
-47.30208 97.735 -47.52463 97.64279 -47.68872 97.47871 curveto
-47.8528 97.31462 -47.945 97.09207 -47.945 96.86 curveto
-47.945 96.62793 -47.8528 96.40538 -47.68872 96.24129 curveto
-47.52463 96.07721 -47.30208 95.985 -47.07 95.985 curveto
-46.83794 95.985 -46.61539 96.07721 -46.4513 96.24129 curveto
-46.28722 96.40538 -46.195 96.62793 -46.195 96.86 curveto closepath stroke
-1 THsetalpha
 0 0 0.2 0 setcmykcolor
newpath -43.885 82.28 moveto
-43.885 82.51207 -43.9772 82.73462 -44.14128 82.89871 curveto
-44.30537 83.06279 -44.52792 83.155 -44.76 83.155 curveto
-44.99207 83.155 -45.21461 83.06279 -45.37871 82.89871 curveto
-45.54279 82.73462 -45.635 82.51207 -45.635 82.28 curveto
-45.635 82.04793 -45.54279 81.82538 -45.37871 81.66129 curveto
-45.21461 81.49721 -44.99207 81.405 -44.76 81.405 curveto
-44.52792 81.405 -44.30537 81.49721 -44.14128 81.66129 curveto
-43.9772 81.82538 -43.885 82.04793 -43.885 82.28 curveto closepath fill
 0.1 0.88333 0 0.4 setcmykcolor
newpath -43.885 82.28 moveto
-43.885 82.51207 -43.9772 82.73462 -44.14128 82.89871 curveto
-44.30537 83.06279 -44.52792 83.155 -44.76 83.155 curveto
-44.99207 83.155 -45.21461 83.06279 -45.37871 82.89871 curveto
-45.54279 82.73462 -45.635 82.51207 -45.635 82.28 curveto
-45.635 82.04793 -45.54279 81.82538 -45.37871 81.66129 curveto
-45.21461 81.49721 -44.99207 81.405 -44.76 81.405 curveto
-44.52792 81.405 -44.30537 81.49721 -44.14128 81.66129 curveto
-43.9772 81.82538 -43.885 82.04793 -43.885 82.28 curveto closepath stroke
-1 THsetalpha
 0 0 0.2 0 setcmykcolor
newpath -37.075 61.31 moveto
-37.075 61.54207 -37.1672 61.76462 -37.33128 61.92871 curveto
-37.49538 62.09279 -37.71793 62.185 -37.95 62.185 curveto
-38.18207 62.185 -38.40462 62.09279 -38.56871 61.92871 curveto
-38.73279 61.76462 -38.825 61.54207 -38.825 61.31 curveto
-38.825 61.07793 -38.73279 60.85538 -38.56871 60.69128 curveto
-38.40462 60.5272 -38.18207 60.435 -37.95 60.435 curveto
-37.71793 60.435 -37.49538 60.5272 -37.33128 60.69128 curveto
-37.1672 60.85538 -37.075 61.07793 -37.075 61.31 curveto closepath fill
 0.1 0.88333 0 0.4 setcmykcolor
newpath -37.075 61.31 moveto
-37.075 61.54207 -37.1672 61.76462 -37.33128 61.92871 curveto
-37.49538 62.09279 -37.71793 62.185 -37.95 62.185 curveto
-38.18207 62.185 -38.40462 62.09279 -38.56871 61.92871 curveto
-38.73279 61.76462 -38.825 61.54207 -38.825 61.31 curveto
-38.825 61.07793 -38.73279 60.85538 -38.56871 60.69128 curveto
-38.40462 60.5272 -38.18207 60.435 -37.95 60.435 curveto
-37.71793 60.435 -37.49538 60.5272 -37.33128 60.69128 curveto
-37.1672 60.85538 -37.075 61.07793 -37.075 61.31 curveto closepath stroke
-1 THsetalpha
 0 0 0.2 0 setcmykcolor
newpath -32.675 48.54 moveto
-32.675 48.77206 -32.76721 48.99461 -32.93129 49.1587 curveto
-33.09538 49.32278 -33.31793 49.415 -33.55 49.415 curveto
-33.78207 49.415 -34.00462 49.32278 -34.16872 49.1587 curveto
-34.3328 48.99461 -34.425 48.77206 -34.425 48.54 curveto
-34.425 48.30792 -34.3328 48.08537 -34.16872 47.92128 curveto
-34.00462 47.7572 -33.78207 47.665 -33.55 47.665 curveto
-33.31793 47.665 -33.09538 47.7572 -32.93129 47.92128 curveto
-32.76721 48.08537 -32.675 48.30792 -32.675 48.54 curveto closepath fill
 0.1 0.88333 0 0.4 setcmykcolor
newpath -32.675 48.54 moveto
-32.675 48.77206 -32.76721 48.99461 -32.93129 49.1587 curveto
-33.09538 49.32278 -33.31793 49.415 -33.55 49.415 curveto
-33.78207 49.415 -34.00462 49.32278 -34.16872 49.1587 curveto
-34.3328 48.99461 -34.425 48.77206 -34.425 48.54 curveto
-34.425 48.30792 -34.3328 48.08537 -34.16872 47.92128 curveto
-34.00462 47.7572 -33.78207 47.665 -33.55 47.665 curveto
-33.31793 47.665 -33.09538 47.7572 -32.93129 47.92128 curveto
-32.76721 48.08537 -32.675 48.30792 -32.675 48.54 curveto closepath stroke
-1 THsetalpha
 0 0 0.2 0 setcmykcolor
newpath -22.125 19.56 moveto
-22.125 19.79207 -22.21721 20.01462 -22.38129 20.17871 curveto
-22.54538 20.34279 -22.76793 20.435 -23 20.435 curveto
-23.23207 20.435 -23.45462 20.34279 -23.61871 20.17871 curveto
-23.78279 20.01462 -23.875 19.79207 -23.875 19.56 curveto
-23.875 19.32793 -23.78279 19.10538 -23.61871 18.94128 curveto
-23.45462 18.7772 -23.23207 18.685 -23 18.685 curveto
-22.76793 18.685 -22.54538 18.7772 -22.38129 18.94128 curveto
-22.21721 19.10538 -22.125 19.32793 -22.125 19.56 curveto closepath fill
 0.1 0.88333 0 0.4 setcmykcolor
newpath -22.125 19.56 moveto
-22.125 19.79207 -22.21721 20.01462 -22.38129 20.17871 curveto
-22.54538 20.34279 -22.76793 20.435 -23 20.435 curveto
-23.23207 20.435 -23.45462 20.34279 -23.61871 20.17871 curveto
-23.78279 20.01462 -23.875 19.79207 -23.875 19.56 curveto
-23.875 19.32793 -23.78279 19.10538 -23.61871 18.94128 curveto
-23.45462 18.7772 -23.23207 18.685 -23 18.685 curveto
-22.76793 18.685 -22.54538 18.7772 -22.38129 18.94128 curveto
-22.21721 19.10538 -22.125 19.32793 -22.125 19.56 curveto closepath stroke
-1 THsetalpha
 0 0 0.2 0 setcmykcolor
newpath -27.235 2.84 moveto
-27.235 3.07207 -27.32721 3.29462 -27.49129 3.45871 curveto
-27.65538 3.62279 -27.87793 3.715 -28.11 3.715 curveto
-28.34207 3.715 -28.56462 3.62279 -28.72871 3.45871 curveto
-28.89279 3.29462 -28.985 3.07207 -28.985 2.84 curveto
-28.985 2.60793 -28.89279 2.38538 -28.72871 2.22128 curveto
-28.56462 2.0572 -28.34207 1.965 -28.11 1.965 curveto
-27.87793 1.965 -27.65538 2.0572 -27.49129 2.22128 curveto
-27.32721 2.38538 -27.235 2.60793 -27.235 2.84 curveto closepath fill
 0.1 0.88333 0 0.4 setcmykcolor
newpath -27.235 2.84 moveto
-27.235 3.07207 -27.32721 3.29462 -27.49129 3.45871 curveto
-27.65538 3.62279 -27.87793 3.715 -28.11 3.715 curveto
-28.34207 3.715 -28.56462 3.62279 -28.72871 3.45871 curveto
-28.89279 3.29462 -28.985 3.07207 -28.985 2.84 curveto
-28.985 2.60793 -28.89279 2.38538 -28.72871 2.22128 curveto
-28.56462 2.0572 -28.34207 1.965 -28.11 1.965 curveto
-27.87793 1.965 -27.65538 2.0572 -27.49129 2.22128 curveto
-27.32721 2.38538 -27.235 2.60793 -27.235 2.84 curveto closepath stroke
-1 THsetalpha
 0 0 0.2 0 setcmykcolor
newpath -60.075 4.56 moveto
-60.075 4.79207 -60.1672 5.01462 -60.33128 5.17871 curveto
-60.49538 5.34279 -60.71793 5.435 -60.95 5.435 curveto
-61.18207 5.435 -61.40462 5.34279 -61.56871 5.17871 curveto
-61.73279 5.01462 -61.825 4.79207 -61.825 4.56 curveto
-61.825 4.32793 -61.73279 4.10538 -61.56871 3.94128 curveto
-61.40462 3.7772 -61.18207 3.685 -60.95 3.685 curveto
-60.71793 3.685 -60.49538 3.7772 -60.33128 3.94128 curveto
-60.1672 4.10538 -60.075 4.32793 -60.075 4.56 curveto closepath fill
 0.1 0.88333 0 0.4 setcmykcolor
newpath -60.075 4.56 moveto
-60.075 4.79207 -60.1672 5.01462 -60.33128 5.17871 curveto
-60.49538 5.34279 -60.71793 5.435 -60.95 5.435 curveto
-61.18207 5.435 -61.40462 5.34279 -61.56871 5.17871 curveto
-61.73279 5.01462 -61.825 4.79207 -61.825 4.56 curveto
-61.825 4.32793 -61.73279 4.10538 -61.56871 3.94128 curveto
-61.40462 3.7772 -61.18207 3.685 -60.95 3.685 curveto
-60.71793 3.685 -60.49538 3.7772 -60.33128 3.94128 curveto
-60.1672 4.10538 -60.075 4.32793 -60.075 4.56 curveto closepath stroke
-1 THsetalpha
 0 0 0.2 0 setcmykcolor
newpath -54.205 -18.98 moveto
-54.205 -18.74792 -54.29721 -18.52538 -54.46129 -18.36128 curveto
-54.62538 -18.1972 -54.84793 -18.105 -55.08 -18.105 curveto
-55.31207 -18.105 -55.53462 -18.1972 -55.69872 -18.36128 curveto
-55.8628 -18.52538 -55.955 -18.74792 -55.955 -18.98 curveto
-55.955 -19.21207 -55.8628 -19.43462 -55.69872 -19.59871 curveto
-55.53462 -19.76279 -55.31207 -19.855 -55.08 -19.855 curveto
-54.84793 -19.855 -54.62538 -19.76279 -54.46129 -19.59871 curveto
-54.29721 -19.43462 -54.205 -19.21207 -54.205 -18.98 curveto closepath fill
 0.1 0.88333 0 0.4 setcmykcolor
newpath -54.205 -18.98 moveto
-54.205 -18.74792 -54.29721 -18.52538 -54.46129 -18.36128 curveto
-54.62538 -18.1972 -54.84793 -18.105 -55.08 -18.105 curveto
-55.31207 -18.105 -55.53462 -18.1972 -55.69872 -18.36128 curveto
-55.8628 -18.52538 -55.955 -18.74792 -55.955 -18.98 curveto
-55.955 -19.21207 -55.8628 -19.43462 -55.69872 -19.59871 curveto
-55.53462 -19.76279 -55.31207 -19.855 -55.08 -19.855 curveto
-54.84793 -19.855 -54.62538 -19.76279 -54.46129 -19.59871 curveto
-54.29721 -19.43462 -54.205 -19.21207 -54.205 -18.98 curveto closepath stroke
-1 THsetalpha
 0 0 0.2 0 setcmykcolor
newpath -49.505 -41.07 moveto
-49.505 -40.83794 -49.59721 -40.61539 -49.76129 -40.4513 curveto
-49.92538 -40.28722 -50.14793 -40.195 -50.38 -40.195 curveto
-50.61208 -40.195 -50.83463 -40.28722 -50.99872 -40.4513 curveto
-51.1628 -40.61539 -51.255 -40.83794 -51.255 -41.07 curveto
-51.255 -41.30208 -51.1628 -41.52463 -50.99872 -41.68872 curveto
-50.83463 -41.8528 -50.61208 -41.945 -50.38 -41.945 curveto
-50.14793 -41.945 -49.92538 -41.8528 -49.76129 -41.68872 curveto
-49.59721 -41.52463 -49.505 -41.30208 -49.505 -41.07 curveto closepath fill
 0.1 0.88333 0 0.4 setcmykcolor
newpath -49.505 -41.07 moveto
-49.505 -40.83794 -49.59721 -40.61539 -49.76129 -40.4513 curveto
-49.92538 -40.28722 -50.14793 -40.195 -50.38 -40.195 curveto
-50.61208 -40.195 -50.83463 -40.28722 -50.99872 -40.4513 curveto
-51.1628 -40.61539 -51.255 -40.83794 -51.255 -41.07 curveto
-51.255 -41.30208 -51.1628 -41.52463 -50.99872 -41.68872 curveto
-50.83463 -41.8528 -50.61208 -41.945 -50.38 -41.945 curveto
-50.14793 -41.945 -49.92538 -41.8528 -49.76129 -41.68872 curveto
-49.59721 -41.52463 -49.505 -41.30208 -49.505 -41.07 curveto closepath stroke
-1 THsetalpha
 0 0 0.2 0 setcmykcolor
newpath -18.105 -15.08 moveto
-18.105 -14.84793 -18.1972 -14.62538 -18.36128 -14.46129 curveto
-18.52538 -14.29721 -18.74792 -14.205 -18.98 -14.205 curveto
-19.21207 -14.205 -19.43462 -14.29721 -19.59871 -14.46129 curveto
-19.76279 -14.62538 -19.855 -14.84793 -19.855 -15.08 curveto
-19.855 -15.31207 -19.76279 -15.53462 -19.59871 -15.69872 curveto
-19.43462 -15.8628 -19.21207 -15.955 -18.98 -15.955 curveto
-18.74792 -15.955 -18.52538 -15.8628 -18.36128 -15.69872 curveto
-18.1972 -15.53462 -18.105 -15.31207 -18.105 -15.08 curveto closepath fill
 0.1 0.88333 0 0.4 setcmykcolor
newpath -18.105 -15.08 moveto
-18.105 -14.84793 -18.1972 -14.62538 -18.36128 -14.46129 curveto
-18.52538 -14.29721 -18.74792 -14.205 -18.98 -14.205 curveto
-19.21207 -14.205 -19.43462 -14.29721 -19.59871 -14.46129 curveto
-19.76279 -14.62538 -19.855 -14.84793 -19.855 -15.08 curveto
-19.855 -15.31207 -19.76279 -15.53462 -19.59871 -15.69872 curveto
-19.43462 -15.8628 -19.21207 -15.955 -18.98 -15.955 curveto
-18.74792 -15.955 -18.52538 -15.8628 -18.36128 -15.69872 curveto
-18.1972 -15.53462 -18.105 -15.31207 -18.105 -15.08 curveto closepath stroke
-1 THsetalpha
 0 0 0.2 0 setcmykcolor
newpath -4.735 -41.32 moveto
-4.735 -41.08794 -4.82721 -40.86539 -4.99129 -40.7013 curveto
-5.15538 -40.53722 -5.37793 -40.445 -5.61 -40.445 curveto
-5.84207 -40.445 -6.06462 -40.53722 -6.22871 -40.7013 curveto
-6.39279 -40.86539 -6.485 -41.08794 -6.485 -41.32 curveto
-6.485 -41.55208 -6.39279 -41.77463 -6.22871 -41.93872 curveto
-6.06462 -42.1028 -5.84207 -42.195 -5.61 -42.195 curveto
-5.37793 -42.195 -5.15538 -42.1028 -4.99129 -41.93872 curveto
-4.82721 -41.77463 -4.735 -41.55208 -4.735 -41.32 curveto closepath fill
 0.1 0.88333 0 0.4 setcmykcolor
newpath -4.735 -41.32 moveto
-4.735 -41.08794 -4.82721 -40.86539 -4.99129 -40.7013 curveto
-5.15538 -40.53722 -5.37793 -40.445 -5.61 -40.445 curveto
-5.84207 -40.445 -6.06462 -40.53722 -6.22871 -40.7013 curveto
-6.39279 -40.86539 -6.485 -41.08794 -6.485 -41.32 curveto
-6.485 -41.55208 -6.39279 -41.77463 -6.22871 -41.93872 curveto
-6.06462 -42.1028 -5.84207 -42.195 -5.61 -42.195 curveto
-5.37793 -42.195 -5.15538 -42.1028 -4.99129 -41.93872 curveto
-4.82721 -41.77463 -4.735 -41.55208 -4.735 -41.32 curveto closepath stroke
-1 THsetalpha
 0 0 0.2 0 setcmykcolor
newpath 21.545 -33.79 moveto
21.545 -33.55792 21.45279 -33.33537 21.28871 -33.17128 curveto
21.12462 -33.0072 20.90207 -32.915 20.67 -32.915 curveto
20.43793 -32.915 20.21538 -33.0072 20.05128 -33.17128 curveto
19.8872 -33.33537 19.795 -33.55792 19.795 -33.79 curveto
19.795 -34.02206 19.8872 -34.24461 20.05128 -34.4087 curveto
20.21538 -34.57278 20.43793 -34.665 20.67 -34.665 curveto
20.90207 -34.665 21.12462 -34.57278 21.28871 -34.4087 curveto
21.45279 -34.24461 21.545 -34.02206 21.545 -33.79 curveto closepath fill
 0.1 0.88333 0 0.4 setcmykcolor
newpath 21.545 -33.79 moveto
21.545 -33.55792 21.45279 -33.33537 21.28871 -33.17128 curveto
21.12462 -33.0072 20.90207 -32.915 20.67 -32.915 curveto
20.43793 -32.915 20.21538 -33.0072 20.05128 -33.17128 curveto
19.8872 -33.33537 19.795 -33.55792 19.795 -33.79 curveto
19.795 -34.02206 19.8872 -34.24461 20.05128 -34.4087 curveto
20.21538 -34.57278 20.43793 -34.665 20.67 -34.665 curveto
20.90207 -34.665 21.12462 -34.57278 21.28871 -34.4087 curveto
21.45279 -34.24461 21.545 -34.02206 21.545 -33.79 curveto closepath stroke
-1 THsetalpha
 0 0 0.2 0 setcmykcolor
newpath 28.905 -43.22 moveto
28.905 -42.98793 28.81279 -42.76538 28.64871 -42.60129 curveto
28.48462 -42.43721 28.26207 -42.345 28.03 -42.345 curveto
27.79793 -42.345 27.57538 -42.43721 27.41129 -42.60129 curveto
27.24721 -42.76538 27.155 -42.98793 27.155 -43.22 curveto
27.155 -43.45207 27.24721 -43.67462 27.41129 -43.83871 curveto
27.57538 -44.00279 27.79793 -44.095 28.03 -44.095 curveto
28.26207 -44.095 28.48462 -44.00279 28.64871 -43.83871 curveto
28.81279 -43.67462 28.905 -43.45207 28.905 -43.22 curveto closepath fill
 0.1 0.88333 0 0.4 setcmykcolor
newpath 28.905 -43.22 moveto
28.905 -42.98793 28.81279 -42.76538 28.64871 -42.60129 curveto
28.48462 -42.43721 28.26207 -42.345 28.03 -42.345 curveto
27.79793 -42.345 27.57538 -42.43721 27.41129 -42.60129 curveto
27.24721 -42.76538 27.155 -42.98793 27.155 -43.22 curveto
27.155 -43.45207 27.24721 -43.67462 27.41129 -43.83871 curveto
27.57538 -44.00279 27.79793 -44.095 28.03 -44.095 curveto
28.26207 -44.095 28.48462 -44.00279 28.64871 -43.83871 curveto
28.81279 -43.67462 28.905 -43.45207 28.905 -43.22 curveto closepath stroke
-1 THsetalpha
 0 0 0.2 0 setcmykcolor
newpath 34.645 -60.89 moveto
34.645 -60.65793 34.5528 -60.43538 34.38872 -60.27129 curveto
34.22462 -60.10721 34.00208 -60.015 33.77 -60.015 curveto
33.53793 -60.015 33.31538 -60.10721 33.15129 -60.27129 curveto
32.98721 -60.43538 32.895 -60.65793 32.895 -60.89 curveto
32.895 -61.12207 32.98721 -61.34462 33.15129 -61.50871 curveto
33.31538 -61.67279 33.53793 -61.765 33.77 -61.765 curveto
34.00208 -61.765 34.22462 -61.67279 34.38872 -61.50871 curveto
34.5528 -61.34462 34.645 -61.12207 34.645 -60.89 curveto closepath fill
 0.1 0.88333 0 0.4 setcmykcolor
newpath 34.645 -60.89 moveto
34.645 -60.65793 34.5528 -60.43538 34.38872 -60.27129 curveto
34.22462 -60.10721 34.00208 -60.015 33.77 -60.015 curveto
33.53793 -60.015 33.31538 -60.10721 33.15129 -60.27129 curveto
32.98721 -60.43538 32.895 -60.65793 32.895 -60.89 curveto
32.895 -61.12207 32.98721 -61.34462 33.15129 -61.50871 curveto
33.31538 -61.67279 33.53793 -61.765 33.77 -61.765 curveto
34.00208 -61.765 34.22462 -61.67279 34.38872 -61.50871 curveto
34.5528 -61.34462 34.645 -61.12207 34.645 -60.89 curveto closepath stroke
-1 THsetalpha
 0 0 0.2 0 setcmykcolor
newpath 64.105 -85.6 moveto
64.105 -85.36794 64.01279 -85.14539 63.84871 -84.9813 curveto
63.68462 -84.81721 63.46207 -84.725 63.23 -84.725 curveto
62.99792 -84.725 62.77538 -84.81721 62.61128 -84.9813 curveto
62.4472 -85.14539 62.355 -85.36794 62.355 -85.6 curveto
62.355 -85.83208 62.4472 -86.05463 62.61128 -86.21872 curveto
62.77538 -86.3828 62.99792 -86.475 63.23 -86.475 curveto
63.46207 -86.475 63.68462 -86.3828 63.84871 -86.21872 curveto
64.01279 -86.05463 64.105 -85.83208 64.105 -85.6 curveto closepath fill
 0.1 0.88333 0 0.4 setcmykcolor
newpath 64.105 -85.6 moveto
64.105 -85.36794 64.01279 -85.14539 63.84871 -84.9813 curveto
63.68462 -84.81721 63.46207 -84.725 63.23 -84.725 curveto
62.99792 -84.725 62.77538 -84.81721 62.61128 -84.9813 curveto
62.4472 -85.14539 62.355 -85.36794 62.355 -85.6 curveto
62.355 -85.83208 62.4472 -86.05463 62.61128 -86.21872 curveto
62.77538 -86.3828 62.99792 -86.475 63.23 -86.475 curveto
63.46207 -86.475 63.68462 -86.3828 63.84871 -86.21872 curveto
64.01279 -86.05463 64.105 -85.83208 64.105 -85.6 curveto closepath stroke
showpage
%%EOF
