%!PS
%%BoundingBox: -43 -28 42 27 
%%HiResBoundingBox: -42.37787 -27.76001 41.70428 26.88797 
%%Creator: MetaPost 1.999
%%CreationDate: 2021.08.16:1551
%%Pages: 1
%%BeginProlog
%%EndProlog
%%Page: 1 1
 0 0 0 1 setcmykcolor 0 0.7 dtransform truncate idtransform setlinewidth pop
 [] 0 setdash 1 setlinecap 1 setlinejoin 10 setmiterlimit
newpath 32.86 -23.46 moveto
31.58 -17.26 35.02 -18.79 35.64 -17.25 curveto
36.82 -14.31 36.87 -9.36 37.4 -8.35 curveto
39.33 -4.76 42.25 -0.25 41.09 3 curveto
40.36 5.05 35.17 14.59 31.76 13.32 curveto
28.35 12.05 23.78 4.31 21.43 2.29 curveto
19 0.2 15.92 -2.42 14.35 -1.4 curveto
12.57 -0.26 10.7 4.01 10.76 6.3 curveto
10.81 8.59 11.3 10.84 9.28 13.13 curveto
7.25 15.42 6.13 19.74 4.09 21.7 curveto
2.05 23.67 -0.41 26.87 -4.56 26.51 curveto
-8.65 26.15 -14.43 26.43 -16.74 25.58 curveto
-19.04 24.73 -20.36 24.56 -21.41 22.43 curveto
-22.45 20.3 -22.68 17.92 -27.46 17.42 curveto
-32.23 16.91 -36.72 18.38 -39.31 15.09 curveto
-42.22 11.39 -42.25 4.15 -41.84 1.96 curveto
-41.43 -0.22 -41.3 -1.48 -41.3 -1.48 curveto stroke
 0 0.4 0.8 0 setcmykcolor 0 0.35 dtransform truncate idtransform setlinewidth pop
newpath 34.28006 8.44995 moveto
36.37997 8.44995 lineto stroke
newpath 30.08002 8.44995 moveto
32.17993 8.44995 lineto stroke
newpath 32.18004 9.85004 moveto
34.27995 9.85004 lineto stroke
newpath 37.89006 4.08995 moveto
39.98997 4.08995 lineto stroke
newpath 33.69002 4.08995 moveto
35.78993 4.08995 lineto stroke
newpath 35.79004 5.49004 moveto
37.88995 5.49004 lineto stroke
 0 0 0 1 setcmykcolor 0 0.7 dtransform truncate idtransform setlinewidth pop
newpath -35.77 0.42 moveto
-35.77 0.42 -38.94 7.58 -36.25 10.04 curveto
-34.14 11.97 -30.16 13.4 -26.02 14.1 curveto
-21.9 14.79 -22.14 17.6 -20.67 19.38 curveto
-19.19 21.16 -17.85 24.3 -15.29 24.72 curveto
-12.74 25.14 -9.33 24.88 -6.09 24.11 curveto
-2.86 23.34 -0.88 22.54 1.11 20.32 curveto
3.12 18.09 7.87 13.46 7.78 10.44 curveto
7.69 7.45 7.52 7.28 8.24 4.52 curveto
8.96 1.77 6.87 -2.15 8.43 -2.81 curveto
9.88 -3.42 12.19 -6.64 14.83 -9.83 curveto
17.54 -13.1 19.04 -16.14 21.74 -18.65 curveto
24.43 -21.15 27.64 -25.66 29.53 -26.87 curveto stroke
-1 THsetalpha
 0 0 0.2 0 setcmykcolor
newpath 31.595 -26.71 moveto
31.595 -26.47794 31.50279 -26.25539 31.33871 -26.0913 curveto
31.17462 -25.92722 30.95207 -25.835 30.72 -25.835 curveto
30.48793 -25.835 30.26538 -25.92722 30.10129 -26.0913 curveto
29.93721 -26.25539 29.845 -26.47794 29.845 -26.71 curveto
29.845 -26.94208 29.93721 -27.16463 30.10129 -27.32872 curveto
30.26538 -27.4928 30.48793 -27.585 30.72 -27.585 curveto
30.95207 -27.585 31.17462 -27.4928 31.33871 -27.32872 curveto
31.50279 -27.16463 31.595 -26.94208 31.595 -26.71 curveto closepath fill
 0.1 0.88333 0 0.4 setcmykcolor 0 0.35
 dtransform truncate idtransform setlinewidth pop
newpath 31.595 -26.71 moveto
31.595 -26.47794 31.50279 -26.25539 31.33871 -26.0913 curveto
31.17462 -25.92722 30.95207 -25.835 30.72 -25.835 curveto
30.48793 -25.835 30.26538 -25.92722 30.10129 -26.0913 curveto
29.93721 -26.25539 29.845 -26.47794 29.845 -26.71 curveto
29.845 -26.94208 29.93721 -27.16463 30.10129 -27.32872 curveto
30.26538 -27.4928 30.48793 -27.585 30.72 -27.585 curveto
30.95207 -27.585 31.17462 -27.4928 31.33871 -27.32872 curveto
31.50279 -27.16463 31.595 -26.94208 31.595 -26.71 curveto closepath stroke
-1 THsetalpha
 0 0 0.2 0 setcmykcolor
newpath 32.635 13.32 moveto
32.635 13.55208 32.54279 13.77463 32.37871 13.93872 curveto
32.21461 14.1028 31.99207 14.195 31.76 14.195 curveto
31.52792 14.195 31.30537 14.1028 31.14128 13.93872 curveto
30.9772 13.77463 30.885 13.55208 30.885 13.32 curveto
30.885 13.08794 30.9772 12.86539 31.14128 12.7013 curveto
31.30537 12.53722 31.52792 12.445 31.76 12.445 curveto
31.99207 12.445 32.21461 12.53722 32.37871 12.7013 curveto
32.54279 12.86539 32.635 13.08794 32.635 13.32 curveto closepath fill
 0.1 0.88333 0 0.4 setcmykcolor
newpath 32.635 13.32 moveto
32.635 13.55208 32.54279 13.77463 32.37871 13.93872 curveto
32.21461 14.1028 31.99207 14.195 31.76 14.195 curveto
31.52792 14.195 31.30537 14.1028 31.14128 13.93872 curveto
30.9772 13.77463 30.885 13.55208 30.885 13.32 curveto
30.885 13.08794 30.9772 12.86539 31.14128 12.7013 curveto
31.30537 12.53722 31.52792 12.445 31.76 12.445 curveto
31.99207 12.445 32.21461 12.53722 32.37871 12.7013 curveto
32.54279 12.86539 32.635 13.08794 32.635 13.32 curveto closepath stroke
-1 THsetalpha
 0 0 0.2 0 setcmykcolor
newpath 16.695 -7.08 moveto
16.695 -6.84793 16.6028 -6.62538 16.43872 -6.46129 curveto
16.27463 -6.29721 16.05208 -6.205 15.82 -6.205 curveto
15.58794 -6.205 15.36539 -6.29721 15.2013 -6.46129 curveto
15.03722 -6.62538 14.945 -6.84793 14.945 -7.08 curveto
14.945 -7.31207 15.03722 -7.53462 15.2013 -7.69872 curveto
15.36539 -7.8628 15.58794 -7.955 15.82 -7.955 curveto
16.05208 -7.955 16.27463 -7.8628 16.43872 -7.69872 curveto
16.6028 -7.53462 16.695 -7.31207 16.695 -7.08 curveto closepath fill
 0.1 0.88333 0 0.4 setcmykcolor
newpath 16.695 -7.08 moveto
16.695 -6.84793 16.6028 -6.62538 16.43872 -6.46129 curveto
16.27463 -6.29721 16.05208 -6.205 15.82 -6.205 curveto
15.58794 -6.205 15.36539 -6.29721 15.2013 -6.46129 curveto
15.03722 -6.62538 14.945 -6.84793 14.945 -7.08 curveto
14.945 -7.31207 15.03722 -7.53462 15.2013 -7.69872 curveto
15.36539 -7.8628 15.58794 -7.955 15.82 -7.955 curveto
16.05208 -7.955 16.27463 -7.8628 16.43872 -7.69872 curveto
16.6028 -7.53462 16.695 -7.31207 16.695 -7.08 curveto closepath stroke
-1 THsetalpha
 0 0 0.2 0 setcmykcolor
newpath 9.835 -1.58 moveto
9.835 -1.34793 9.7428 -1.12538 9.57872 -0.96129 curveto
9.41463 -0.79721 9.19208 -0.705 8.96 -0.705 curveto
8.72794 -0.705 8.50539 -0.79721 8.3413 -0.96129 curveto
8.17722 -1.12538 8.085 -1.34793 8.085 -1.58 curveto
8.085 -1.81207 8.17722 -2.03462 8.3413 -2.19872 curveto
8.50539 -2.3628 8.72794 -2.455 8.96 -2.455 curveto
9.19208 -2.455 9.41463 -2.3628 9.57872 -2.19872 curveto
9.7428 -2.03462 9.835 -1.81207 9.835 -1.58 curveto closepath fill
 0.1 0.88333 0 0.4 setcmykcolor
newpath 9.835 -1.58 moveto
9.835 -1.34793 9.7428 -1.12538 9.57872 -0.96129 curveto
9.41463 -0.79721 9.19208 -0.705 8.96 -0.705 curveto
8.72794 -0.705 8.50539 -0.79721 8.3413 -0.96129 curveto
8.17722 -1.12538 8.085 -1.34793 8.085 -1.58 curveto
8.085 -1.81207 8.17722 -2.03462 8.3413 -2.19872 curveto
8.50539 -2.3628 8.72794 -2.455 8.96 -2.455 curveto
9.19208 -2.455 9.41463 -2.3628 9.57872 -2.19872 curveto
9.7428 -2.03462 9.835 -1.81207 9.835 -1.58 curveto closepath stroke
-1 THsetalpha
 0 0 0.2 0 setcmykcolor
newpath 9.305 11.84 moveto
9.305 12.07207 9.21278 12.29462 9.0487 12.45871 curveto
8.88461 12.62279 8.66206 12.715 8.43 12.715 curveto
8.19792 12.715 7.97537 12.62279 7.81128 12.45871 curveto
7.6472 12.29462 7.555 12.07207 7.555 11.84 curveto
7.555 11.60793 7.6472 11.38538 7.81128 11.22128 curveto
7.97537 11.0572 8.19792 10.965 8.43 10.965 curveto
8.66206 10.965 8.88461 11.0572 9.0487 11.22128 curveto
9.21278 11.38538 9.305 11.60793 9.305 11.84 curveto closepath fill
 0.1 0.88333 0 0.4 setcmykcolor
newpath 9.305 11.84 moveto
9.305 12.07207 9.21278 12.29462 9.0487 12.45871 curveto
8.88461 12.62279 8.66206 12.715 8.43 12.715 curveto
8.19792 12.715 7.97537 12.62279 7.81128 12.45871 curveto
7.6472 12.29462 7.555 12.07207 7.555 11.84 curveto
7.555 11.60793 7.6472 11.38538 7.81128 11.22128 curveto
7.97537 11.0572 8.19792 10.965 8.43 10.965 curveto
8.66206 10.965 8.88461 11.0572 9.0487 11.22128 curveto
9.21278 11.38538 9.305 11.60793 9.305 11.84 curveto closepath stroke
-1 THsetalpha
 0 0 0.2 0 setcmykcolor
newpath 0.835 24.19 moveto
0.835 24.42207 0.7428 24.64462 0.57872 24.80872 curveto
0.41463 24.9728 0.19208 25.065 -0.04 25.065 curveto
-0.27206 25.065 -0.49461 24.9728 -0.6587 24.80872 curveto
-0.82278 24.64462 -0.915 24.42207 -0.915 24.19 curveto
-0.915 23.95793 -0.82278 23.73538 -0.6587 23.57129 curveto
-0.49461 23.40721 -0.27206 23.315 -0.04 23.315 curveto
0.19208 23.315 0.41463 23.40721 0.57872 23.57129 curveto
0.7428 23.73538 0.835 23.95793 0.835 24.19 curveto closepath fill
 0.1 0.88333 0 0.4 setcmykcolor
newpath 0.835 24.19 moveto
0.835 24.42207 0.7428 24.64462 0.57872 24.80872 curveto
0.41463 24.9728 0.19208 25.065 -0.04 25.065 curveto
-0.27206 25.065 -0.49461 24.9728 -0.6587 24.80872 curveto
-0.82278 24.64462 -0.915 24.42207 -0.915 24.19 curveto
-0.915 23.95793 -0.82278 23.73538 -0.6587 23.57129 curveto
-0.49461 23.40721 -0.27206 23.315 -0.04 23.315 curveto
0.19208 23.315 0.41463 23.40721 0.57872 23.57129 curveto
0.7428 23.73538 0.835 23.95793 0.835 24.19 curveto closepath stroke
-1 THsetalpha
 0 0 0.2 0 setcmykcolor
newpath -18.335 24.22 moveto
-18.335 24.45207 -18.42722 24.67462 -18.5913 24.83871 curveto
-18.75539 25.00279 -18.97794 25.095 -19.21 25.095 curveto
-19.44208 25.095 -19.66463 25.00279 -19.82872 24.83871 curveto
-19.9928 24.67462 -20.085 24.45207 -20.085 24.22 curveto
-20.085 23.98793 -19.9928 23.76538 -19.82872 23.60129 curveto
-19.66463 23.43721 -19.44208 23.345 -19.21 23.345 curveto
-18.97794 23.345 -18.75539 23.43721 -18.5913 23.60129 curveto
-18.42722 23.76538 -18.335 23.98793 -18.335 24.22 curveto closepath fill
 0.1 0.88333 0 0.4 setcmykcolor
newpath -18.335 24.22 moveto
-18.335 24.45207 -18.42722 24.67462 -18.5913 24.83871 curveto
-18.75539 25.00279 -18.97794 25.095 -19.21 25.095 curveto
-19.44208 25.095 -19.66463 25.00279 -19.82872 24.83871 curveto
-19.9928 24.67462 -20.085 24.45207 -20.085 24.22 curveto
-20.085 23.98793 -19.9928 23.76538 -19.82872 23.60129 curveto
-19.66463 23.43721 -19.44208 23.345 -19.21 23.345 curveto
-18.97794 23.345 -18.75539 23.43721 -18.5913 23.60129 curveto
-18.42722 23.76538 -18.335 23.98793 -18.335 24.22 curveto closepath stroke
-1 THsetalpha
 0 0 0.2 0 setcmykcolor
newpath -38.405 13.49 moveto
-38.405 13.72208 -38.49721 13.94463 -38.66129 14.10872 curveto
-38.82538 14.2728 -39.04793 14.365 -39.28 14.365 curveto
-39.51207 14.365 -39.73462 14.2728 -39.89871 14.10872 curveto
-40.06279 13.94463 -40.155 13.72208 -40.155 13.49 curveto
-40.155 13.25793 -40.06279 13.03539 -39.89871 12.87129 curveto
-39.73462 12.70721 -39.51207 12.615 -39.28 12.615 curveto
-39.04793 12.615 -38.82538 12.70721 -38.66129 12.87129 curveto
-38.49721 13.03539 -38.405 13.25793 -38.405 13.49 curveto closepath fill
 0.1 0.88333 0 0.4 setcmykcolor
newpath -38.405 13.49 moveto
-38.405 13.72208 -38.49721 13.94463 -38.66129 14.10872 curveto
-38.82538 14.2728 -39.04793 14.365 -39.28 14.365 curveto
-39.51207 14.365 -39.73462 14.2728 -39.89871 14.10872 curveto
-40.06279 13.94463 -40.155 13.72208 -40.155 13.49 curveto
-40.155 13.25793 -40.06279 13.03539 -39.89871 12.87129 curveto
-39.73462 12.70721 -39.51207 12.615 -39.28 12.615 curveto
-39.04793 12.615 -38.82538 12.70721 -38.66129 12.87129 curveto
-38.49721 13.03539 -38.405 13.25793 -38.405 13.49 curveto closepath stroke
-1 THsetalpha
 0 0 0.2 0 setcmykcolor
newpath -38.665 -4.59 moveto
-38.665 -4.35793 -38.7572 -4.13538 -38.92128 -3.97128 curveto
-39.08537 -3.8072 -39.30792 -3.715 -39.54 -3.715 curveto
-39.77206 -3.715 -39.99461 -3.8072 -40.1587 -3.97128 curveto
-40.32278 -4.13538 -40.415 -4.35793 -40.415 -4.59 curveto
-40.415 -4.82207 -40.32278 -5.04462 -40.1587 -5.20871 curveto
-39.99461 -5.37279 -39.77206 -5.465 -39.54 -5.465 curveto
-39.30792 -5.465 -39.08537 -5.37279 -38.92128 -5.20871 curveto
-38.7572 -5.04462 -38.665 -4.82207 -38.665 -4.59 curveto closepath fill
 0.1 0.88333 0 0.4 setcmykcolor
newpath -38.665 -4.59 moveto
-38.665 -4.35793 -38.7572 -4.13538 -38.92128 -3.97128 curveto
-39.08537 -3.8072 -39.30792 -3.715 -39.54 -3.715 curveto
-39.77206 -3.715 -39.99461 -3.8072 -40.1587 -3.97128 curveto
-40.32278 -4.13538 -40.415 -4.35793 -40.415 -4.59 curveto
-40.415 -4.82207 -40.32278 -5.04462 -40.1587 -5.20871 curveto
-39.99461 -5.37279 -39.77206 -5.465 -39.54 -5.465 curveto
-39.30792 -5.465 -39.08537 -5.37279 -38.92128 -5.20871 curveto
-38.7572 -5.04462 -38.665 -4.82207 -38.665 -4.59 curveto closepath stroke
showpage
%%EOF
