%!PS
%%BoundingBox: -12 -27 14 28 
%%HiResBoundingBox: -11.57 -26.17 13.93001 27.98001 
%%Creator: MetaPost 1.999
%%CreationDate: 2021.08.16:1551
%%Pages: 1
%%BeginProlog
%%EndProlog
%%Page: 1 1
 0 0 0 1 setcmykcolor 0 0.7 dtransform truncate idtransform setlinewidth pop
 [] 0 setdash 1 setlinecap 1 setlinejoin 10 setmiterlimit
newpath 13.22 27.63 moveto
13.22 27.63 12.32 27.09 9.09 25.29 curveto
5.85 23.49 -2.43 18.64 -4.23 20.8 curveto
-6.03 22.96 -7.46 25.84 -7.46 25.84 curveto stroke
newpath -5.13 6.95 moveto
-5.13 6.95 -1.71 16.84 1.71 17.2 curveto
5.12 17.56 8.72 21.34 7.64 18.45 curveto
6.56 15.57 -0.37 -1.17 -3.34 -7.2 curveto
-6.3 -13.22 -6.29 -16.73 -7.02 -18.44 curveto
-7.74 -20.14 -9 -19.42 -9 -19.42 curveto stroke
newpath -9.45 -21.4 moveto
-9.45 -21.4 -9.81 -22.57 -7.48 -23.29 curveto
-5.14 -24.02 4.4 -27.63 5.12 -24.66 curveto
5.84 -21.69 11.33 6.39 12.77 10.62 curveto
14.21 14.85 11.69 22.14 12.32 22.68 curveto
12.95 23.22 13.58 22.95 13.58 22.95 curveto stroke
-1 THsetalpha
 0 0 0.2 0 setcmykcolor
newpath 12.225 23.98 moveto
12.225 24.21207 12.1328 24.43462 11.96872 24.59871 curveto
11.80463 24.76279 11.58208 24.855 11.35 24.855 curveto
11.11794 24.855 10.89539 24.76279 10.7313 24.59871 curveto
10.56721 24.43462 10.475 24.21207 10.475 23.98 curveto
10.475 23.74792 10.56721 23.52538 10.7313 23.36128 curveto
10.89539 23.1972 11.11794 23.105 11.35 23.105 curveto
11.58208 23.105 11.80463 23.1972 11.96872 23.36128 curveto
12.1328 23.52538 12.225 23.74792 12.225 23.98 curveto closepath fill
 0.1 0.88333 0 0.4 setcmykcolor 0 0.35
 dtransform truncate idtransform setlinewidth pop
newpath 12.225 23.98 moveto
12.225 24.21207 12.1328 24.43462 11.96872 24.59871 curveto
11.80463 24.76279 11.58208 24.855 11.35 24.855 curveto
11.11794 24.855 10.89539 24.76279 10.7313 24.59871 curveto
10.56721 24.43462 10.475 24.21207 10.475 23.98 curveto
10.475 23.74792 10.56721 23.52538 10.7313 23.36128 curveto
10.89539 23.1972 11.11794 23.105 11.35 23.105 curveto
11.58208 23.105 11.80463 23.1972 11.96872 23.36128 curveto
12.1328 23.52538 12.225 23.74792 12.225 23.98 curveto closepath stroke
-1 THsetalpha
 0 0 0.2 0 setcmykcolor
newpath -9.645 14.69 moveto
-9.645 14.92207 -9.73721 15.14462 -9.90129 15.30872 curveto
-10.06538 15.4728 -10.28793 15.565 -10.52 15.565 curveto
-10.75208 15.565 -10.97462 15.4728 -11.13872 15.30872 curveto
-11.3028 15.14462 -11.395 14.92207 -11.395 14.69 curveto
-11.395 14.45793 -11.3028 14.23538 -11.13872 14.07129 curveto
-10.97462 13.90721 -10.75208 13.815 -10.52 13.815 curveto
-10.28793 13.815 -10.06538 13.90721 -9.90129 14.07129 curveto
-9.73721 14.23538 -9.645 14.45793 -9.645 14.69 curveto closepath fill
 0.1 0.88333 0 0.4 setcmykcolor
newpath -9.645 14.69 moveto
-9.645 14.92207 -9.73721 15.14462 -9.90129 15.30872 curveto
-10.06538 15.4728 -10.28793 15.565 -10.52 15.565 curveto
-10.75208 15.565 -10.97462 15.4728 -11.13872 15.30872 curveto
-11.3028 15.14462 -11.395 14.92207 -11.395 14.69 curveto
-11.395 14.45793 -11.3028 14.23538 -11.13872 14.07129 curveto
-10.97462 13.90721 -10.75208 13.815 -10.52 13.815 curveto
-10.28793 13.815 -10.06538 13.90721 -9.90129 14.07129 curveto
-9.73721 14.23538 -9.645 14.45793 -9.645 14.69 curveto closepath stroke
-1 THsetalpha
 0 0 0.2 0 setcmykcolor
newpath 1.795 -25.12 moveto
1.795 -24.88792 1.70279 -24.66537 1.53871 -24.50128 curveto
1.37462 -24.3372 1.15207 -24.245 0.92 -24.245 curveto
0.68793 -24.245 0.46538 -24.3372 0.30128 -24.50128 curveto
0.1372 -24.66537 0.045 -24.88792 0.045 -25.12 curveto
0.045 -25.35207 0.1372 -25.57462 0.30128 -25.73871 curveto
0.46538 -25.90279 0.68793 -25.995 0.92 -25.995 curveto
1.15207 -25.995 1.37462 -25.90279 1.53871 -25.73871 curveto
1.70279 -25.57462 1.795 -25.35207 1.795 -25.12 curveto closepath fill
 0.1 0.88333 0 0.4 setcmykcolor
newpath 1.795 -25.12 moveto
1.795 -24.88792 1.70279 -24.66537 1.53871 -24.50128 curveto
1.37462 -24.3372 1.15207 -24.245 0.92 -24.245 curveto
0.68793 -24.245 0.46538 -24.3372 0.30128 -24.50128 curveto
0.1372 -24.66537 0.045 -24.88792 0.045 -25.12 curveto
0.045 -25.35207 0.1372 -25.57462 0.30128 -25.73871 curveto
0.46538 -25.90279 0.68793 -25.995 0.92 -25.995 curveto
1.15207 -25.995 1.37462 -25.90279 1.53871 -25.73871 curveto
1.70279 -25.57462 1.795 -25.35207 1.795 -25.12 curveto closepath stroke
-1 THsetalpha
 0 0 0.2 0 setcmykcolor
newpath -5.485 -21.25 moveto
-5.485 -21.01793 -5.57721 -20.79538 -5.74129 -20.63129 curveto
-5.90538 -20.46721 -6.12793 -20.375 -6.36 -20.375 curveto
-6.59207 -20.375 -6.81462 -20.46721 -6.97871 -20.63129 curveto
-7.14279 -20.79538 -7.235 -21.01793 -7.235 -21.25 curveto
-7.235 -21.48207 -7.14279 -21.70462 -6.97871 -21.86871 curveto
-6.81462 -22.03279 -6.59207 -22.125 -6.36 -22.125 curveto
-6.12793 -22.125 -5.90538 -22.03279 -5.74129 -21.86871 curveto
-5.57721 -21.70462 -5.485 -21.48207 -5.485 -21.25 curveto closepath fill
 0.1 0.88333 0 0.4 setcmykcolor
newpath -5.485 -21.25 moveto
-5.485 -21.01793 -5.57721 -20.79538 -5.74129 -20.63129 curveto
-5.90538 -20.46721 -6.12793 -20.375 -6.36 -20.375 curveto
-6.59207 -20.375 -6.81462 -20.46721 -6.97871 -20.63129 curveto
-7.14279 -20.79538 -7.235 -21.01793 -7.235 -21.25 curveto
-7.235 -21.48207 -7.14279 -21.70462 -6.97871 -21.86871 curveto
-6.81462 -22.03279 -6.59207 -22.125 -6.36 -22.125 curveto
-6.12793 -22.125 -5.90538 -22.03279 -5.74129 -21.86871 curveto
-5.57721 -21.70462 -5.485 -21.48207 -5.485 -21.25 curveto closepath stroke
showpage
%%EOF
