%!PS
%%BoundingBox: -140 -70 141 68 
%%HiResBoundingBox: -139.61292 -69.91998 140.47 67.09503 
%%Creator: MetaPost 1.999
%%CreationDate: 2021.08.16:1551
%%Pages: 1
%%BeginProlog
%%EndProlog
%%Page: 1 1
 0 0 0 1 setcmykcolor 0 0.7 dtransform truncate idtransform setlinewidth pop
 [] 0 setdash 1 setlinecap 1 setlinejoin 10 setmiterlimit
newpath -133.52 -56.41 moveto
-133.52 -56.41 -126.08 -38.92 -127.52 -35.68 curveto
-128.96 -32.43 -135.08 -21.64 -131.47 -20.92 curveto
-127.87 -20.2 -119.95 -20.19 -112.39 -20.19 curveto
-104.83 -20.18 -93.68 -18.03 -87.92 -22.71 curveto
-82.17 -27.39 -73.54 -32.81 -64.89 -36.4 curveto
-56.23 -39.99 -40.39 -51.15 -32.84 -50.43 curveto
-25.27 -49.71 -14.48 -50.78 -11.6 -45.03 curveto
-8.7 -39.24 -0.01 -24.42 0.71 -26.22 curveto
1.43 -28.02 1.79 -31.63 1.79 -31.63 curveto stroke
newpath 117.67 -33.7 moveto
117.67 -33.7 126.82 -31.27 129.96 -32.24 curveto
133.17 -33.24 133.88 -34.56 133.35 -36.74 curveto
132.83 -38.92 126.8 -46.93 121.96 -46.95 curveto
117.12 -46.98 94.97 -48.33 98.58 -43.52 curveto
102.19 -38.7 105.8 -36.93 109.03 -36.01 curveto
112.25 -35.1 117.67 -33.7 117.67 -33.7 curveto closepath stroke
newpath 4.31 -31.26 moveto
4.31 -31.26 1.07 -25.14 5.38 -19.76 curveto
9.65 -14.41 15.12 -8.22 20.32 -3.04 curveto
25.38 2 28.4 6.13 29.64 5.57 curveto stroke
newpath 127.52 -54.81 moveto
131.26 -46.88 138.33 -36.35 140.12 -34.73 curveto stroke
newpath 29.64 5.57 moveto
29.64 5.57 31.23 7 30.78 9.82 curveto
30.31 12.77 31.08 28.48 31.08 32.57 curveto
31.07 36.74 30.35 43.89 33.42 45.17 curveto
36.47 46.43 36.28 48.75 39.34 46.78 curveto
42.41 44.82 52.3 38.31 53.02 36.32 curveto
53.73 34.33 60.39 26.97 63.64 24.46 curveto
66.88 21.94 74.25 15.45 77.49 10.77 curveto
80.74 6.07 91.93 -2.22 87.49 -17.08 curveto
83.07 -31.88 75.3 -58.3 92.62 -59.44 curveto
109.9 -60.59 104.69 -61.46 116.92 -59.32 curveto stroke
newpath 116.92 -59.32 moveto
116.92 -59.32 119.8 -59.14 121.77 -60.03 curveto
123.75 -60.92 125.72 -63.61 125.72 -63.61 curveto stroke
newpath 129.85 -61.45 moveto
129.85 -61.45 125.54 -57.15 126.44 -56.07 curveto
127.34 -54.99 127.52 -54.81 127.52 -54.81 curveto stroke
 0 0.35 dtransform truncate idtransform setlinewidth pop
newpath 120.52995 -66.70003 moveto
120.52995 -65.76663 121.93004 -65.76663 121.93004 -66.70003 curveto
121.93004 -67.35161 121.23 -67.79845 121.23 -68.45003 curveto stroke
 0 0.84 dtransform truncate idtransform setlinewidth pop
newpath 121.23 -69.49998 moveto 0 0 rlineto stroke
 0 0.7 dtransform truncate idtransform setlinewidth pop
newpath 118.28 -26.49 moveto
118.28 -26.49 115.53 -28.76 112.66 -23.98 curveto
109.31 -18.4 97.84 -5.84 94.78 -0.78 curveto
91.73 4.25 88.12 14.35 83.43 17.06 curveto
78.76 19.77 65.25 24.81 62.55 28.77 curveto
59.85 32.73 58.42 30.39 58.06 34.52 curveto
57.7 38.67 59.14 42.62 56.26 43.71 curveto
53.38 44.79 51.23 45.35 51.23 46.79 curveto
51.23 48.23 52.31 50.4 52.31 50.4 curveto stroke
newpath 50.34 51.12 moveto
50.34 51.12 50.51 46.07 48.18 46.98 curveto
45.84 47.88 40.06 51.99 37.18 50.73 curveto
34.31 49.47 33.05 50.74 32.15 52.01 curveto stroke
newpath 27.16 11.44 moveto
24.84 11.53 22.56 15.29 22.56 15.29 curveto stroke
newpath 29.81 50.74 moveto
29.81 50.74 32.69 48.94 29.63 46.77 curveto
26.57 44.6 28.39 40.85 28.39 37.82 curveto
28.39 34.74 28.04 28.31 27.93 25.25 curveto
27.83 22.22 29.66 18.35 27.53 17.12 curveto stroke
newpath 27.53 17.12 moveto
27.53 17.12 26.66 15.63 26.29 16.92 curveto
25.94 18.15 24.65 20.52 24.65 20.52 curveto stroke
newpath 22.72 18.22 moveto
22.72 18.22 25.95 15.22 26.29 14.18 curveto
26.65 13.13 27.16 11.44 27.16 11.44 curveto stroke
newpath 22.15 9.12 moveto
22.15 9.12 27.14 9.83 25.76 7.61 curveto
24.41 5.42 17.45 -1.59 15.41 -3.08 curveto
13.35 -4.59 7.64 -10.67 4.45 -14.39 curveto
1.24 -18.13 -2.89 -22.8 -6.5 -27.14 curveto
-10.11 -31.48 -9.75 -31.84 -10.48 -32.56 curveto
-11.2 -33.29 -14.1 -36.55 -15.18 -36.55 curveto
-16.26 -36.55 -20.4 -36.73 -20.4 -36.73 curveto stroke
newpath -20.76 -38.71 moveto
-20.76 -38.71 -15.54 -37.81 -16.45 -39.08 curveto
-17.35 -40.34 -19.33 -42.14 -22.03 -43.04 curveto
-24.73 -43.94 -31.04 -46.83 -30.86 -45.39 curveto
-30.68 -43.95 -29.24 -42.68 -29.24 -42.68 curveto stroke
 [2.10013 2.10013 ] 0 setdash
newpath -29.24 -42.68 moveto
-29.24 -42.68 -22.39 -39.07 -20.76 -38.71 curveto stroke
newpath -20.4 -36.73 moveto
-20.4 -36.73 -27.68 -38.8 -28.69 -39.62 curveto stroke
 0.83 0.54 0 0 setcmykcolor 0 0.35 dtransform truncate idtransform setlinewidth pop
 [] 0 setdash
newpath 53.53267 59.38458 moveto
53.39145 58.82236 54.29187 58.39053 54.00627 57.82214 curveto
53.63568 57.08463 52.18251 58.22328 51.91747 57.26413 curveto
51.6298 56.22324 53.53795 56.57753 53.56262 55.7683 curveto
53.5903 54.86024 52.26372 55.26404 51.79578 54.76863 curveto
51.22595 54.16534 52.00883 53.31807 51.82732 52.59543 curveto stroke
newpath 51.3953 55.04836 moveto
51.20361 54.9188 51.03705 54.77615 50.96652 54.59113 curveto
50.67094 53.8157 51.71848 53.33253 51.82732 52.59543 curveto
52.27158 53.19359 51.87254 54.27597 52.62985 54.61525 curveto
52.81056 54.69621 53.02917 54.67929 53.25633 54.63536 curveto
 closepath stroke
newpath 51.3953 55.04836 moveto
51.20361 54.9188 51.03705 54.77615 50.96652 54.59113 curveto
50.67094 53.8157 51.71848 53.33253 51.82732 52.59543 curveto
52.27158 53.19359 51.87254 54.27597 52.62985 54.61525 curveto
52.81056 54.69621 53.02917 54.67929 53.25633 54.63536 curveto
 closepath fill
newpath 25.20528 62.08415 moveto
25.49425 61.58162 26.44194 61.8965 26.63132 61.28923 curveto
26.87708 60.50128 25.04079 60.31088 25.5164 59.43681 curveto
26.03255 58.48825 27.15903 60.0686 27.7389 59.50365 curveto
28.3896 58.86967 27.15486 58.23862 27.1624 57.5572 curveto
27.17159 56.72742 28.32329 56.66177 28.69472 56.01585 curveto stroke
newpath 26.68001 57.48021 moveto
26.63213 57.25386 26.61139 57.03557 26.68918 56.85347 curveto
27.01521 56.09035 28.10437 56.47047 28.69472 56.01585 curveto
28.59875 56.75475 27.55983 57.25615 27.86891 58.02628 curveto
27.94266 58.21004 28.11166 58.34973 28.30559 58.47594 curveto
 closepath stroke
newpath 26.68001 57.48021 moveto
26.63213 57.25386 26.61139 57.03557 26.68918 56.85347 curveto
27.01521 56.09035 28.10437 56.47047 28.69472 56.01585 curveto
28.59875 56.75475 27.55983 57.25615 27.86891 58.02628 curveto
27.94266 58.21004 28.11166 58.34973 28.30559 58.47594 curveto
 closepath fill
newpath 2.99878 -31.49892 moveto
3.15466 -32.05725 4.15076 -31.9862 4.18428 -32.62143 curveto
4.2278 -33.44568 2.40138 -33.1766 2.64638 -34.14107 curveto
2.91223 -35.18773 4.39415 -33.93459 4.81651 -34.62527 curveto
5.29045 -35.40031 3.93811 -35.70683 3.7771 -36.369 curveto
3.58104 -37.17535 4.68086 -37.52344 4.88123 -38.24107 curveto stroke
newpath 3.29063 -36.32446 moveto
3.18834 -36.53197 3.11432 -36.73839 3.14473 -36.93405 curveto
3.27217 -37.75406 4.42146 -37.65474 4.88123 -38.24107 curveto
4.97075 -37.50139 4.08786 -36.75891 4.57759 -36.08899 curveto
4.69443 -35.92912 4.89273 -35.83551 5.1118 -35.7611 curveto
 closepath stroke
newpath 3.29063 -36.32446 moveto
3.18834 -36.53197 3.11432 -36.73839 3.14473 -36.93405 curveto
3.27217 -37.75406 4.42146 -37.65474 4.88123 -38.24107 curveto
4.97075 -37.50139 4.08786 -36.75891 4.57759 -36.08899 curveto
4.69443 -35.92912 4.89273 -35.83551 5.1118 -35.7611 curveto
 closepath fill
newpath -98.18456 0.77386 moveto
-98.24011 0.19685 -97.28525 -0.09546 -97.48265 -0.70016 curveto
-97.73877 -1.4848 -99.34586 -0.57628 -99.4645 -1.56425 curveto
-99.59325 -2.63646 -97.75957 -2.0008 -97.61417 -2.79723 curveto
-97.451 -3.69092 -98.82301 -3.49005 -99.21161 -4.04987 curveto
-99.6848 -4.73157 -98.78404 -5.45222 -98.85545 -6.19388 curveto stroke
newpath -99.64943 -3.83319 moveto
-99.81956 -3.98994 -99.96292 -4.15588 -100.00499 -4.34938 curveto
-100.18129 -5.16026 -99.0733 -5.48135 -98.85545 -6.19388 curveto
-98.50565 -5.53601 -99.06206 -4.5255 -98.36398 -4.07678 curveto
-98.19743 -3.96971 -97.97874 -3.95375 -97.74756 -3.96321 curveto
 closepath stroke
newpath -99.64943 -3.83319 moveto
-99.81956 -3.98994 -99.96292 -4.15588 -100.00499 -4.34938 curveto
-100.18129 -5.16026 -99.0733 -5.48135 -98.85545 -6.19388 curveto
-98.50565 -5.53601 -99.06206 -4.5255 -98.36398 -4.07678 curveto
-98.19743 -3.96971 -97.97874 -3.95375 -97.74756 -3.96321 curveto
 closepath fill
newpath 98.42166 1.953 moveto
98.32698 1.3811 99.25977 1.02452 99.0217 0.43463 curveto
98.71278 -0.33076 97.1712 0.68498 96.98564 -0.29265 curveto
96.78424 -1.3536 98.65694 -0.84416 98.74782 -1.64864 curveto
98.84981 -2.55136 97.49463 -2.25763 97.06886 -2.78972 curveto
96.55038 -3.43765 97.40004 -4.21793 97.27835 -4.953 curveto stroke
newpath 96.64679 -2.54375 moveto
96.46637 -2.68858 96.31206 -2.84438 96.25693 -3.03458 curveto
96.0259 -3.8316 97.10947 -4.22731 97.27835 -4.953 curveto
97.67209 -4.32045 97.18571 -3.27441 97.91267 -2.87422 curveto
98.08614 -2.77873 98.30542 -2.77768 98.53542 -2.80284 curveto
 closepath stroke
newpath 96.64679 -2.54375 moveto
96.46637 -2.68858 96.31206 -2.84438 96.25693 -3.03458 curveto
96.0259 -3.8316 97.10947 -4.22731 97.27835 -4.953 curveto
97.67209 -4.32045 97.18571 -3.27441 97.91267 -2.87422 curveto
98.08614 -2.77873 98.30542 -2.77768 98.53542 -2.80284 curveto
 closepath fill
newpath 85.56067 -44.19118 moveto
85.1465 -44.59677 85.68861 -45.43542 85.1481 -45.77084 curveto
84.44678 -46.20604 83.8027 -44.4759 83.07555 -45.15521 curveto
82.28642 -45.89241 84.0985 -46.58734 83.69672 -47.29019 curveto
83.24585 -48.0789 82.32574 -47.04147 81.66792 -47.21939 curveto
80.86685 -47.43604 81.09167 -48.5675 80.55933 -49.08882 curveto stroke
newpath 81.4726 -46.77164 moveto
81.24149 -46.78195 81.02493 -46.81654 80.86812 -46.93744 curveto
80.21094 -47.44417 80.85164 -48.40347 80.55933 -49.08882 curveto
81.25066 -48.81091 81.47595 -47.67955 82.29895 -47.78596 curveto
82.49533 -47.81136 82.67288 -47.94 82.84363 -48.09615 curveto
 closepath stroke
newpath 81.4726 -46.77164 moveto
81.24149 -46.78195 81.02493 -46.81654 80.86812 -46.93744 curveto
80.21094 -47.44417 80.85164 -48.40347 80.55933 -49.08882 curveto
81.25066 -48.81091 81.47595 -47.67955 82.29895 -47.78596 curveto
82.49533 -47.81136 82.67288 -47.94 82.84363 -48.09615 curveto
 closepath fill
 0 0 0 1 setcmykcolor
newpath -3.57996 -15.45004 moveto
-2.53 -12.29996 lineto
-1.48004 -15.45004 lineto stroke
newpath -6.37991 -17.55006 moveto
-5.32996 -14.39998 lineto
-4.28 -17.55006 lineto stroke
newpath -0.78 -16.85002 moveto
0.26996 -13.69994 lineto
1.31992 -16.85002 lineto stroke
 0 0.24501 dtransform truncate idtransform setlinewidth pop
newpath 32.51004 2.01004 moveto
38.11006 2.01004 lineto
38.11006 7.61006 lineto
32.51004 7.61006 lineto
 closepath stroke
 0 0.35 dtransform truncate idtransform setlinewidth pop
newpath 33.20998 6.20998 moveto
33.91002 5.51004 lineto
36.70998 5.51004 lineto
37.41002 6.20998 lineto stroke
newpath 33.20998 3.41002 moveto
33.91002 4.10995 lineto
36.70998 4.10995 lineto
37.41002 3.41002 lineto stroke
 0 0.24501 dtransform truncate idtransform setlinewidth pop
newpath 35.65004 54.80005 moveto
41.25006 54.80005 lineto
41.25006 60.40007 lineto
35.65004 60.40007 lineto
 closepath stroke
 0 0.35 dtransform truncate idtransform setlinewidth pop
newpath 36.7 57.95003 moveto
37.10014 57.3796 37.7532 57.04 38.45 57.04 curveto
39.14679 57.04 39.79985 57.3796 40.2 57.95003 curveto stroke
 0 1.25995 dtransform truncate idtransform setlinewidth pop
newpath 36.7 57.95003 moveto 0 0 rlineto stroke
newpath 40.2 57.95003 moveto 0 0 rlineto stroke
 0 0.35 dtransform truncate idtransform setlinewidth pop
newpath 32.86998 21.30003 moveto
32.86998 23.99496 lineto
32.13501 25.21996 lineto stroke
newpath 32.86998 23.99496 moveto
33.60495 25.21996 lineto stroke
newpath 34.97 21.30003 moveto
34.97 23.99496 lineto
34.23503 25.21996 lineto stroke
newpath 34.97 23.99496 moveto
35.70497 25.21996 lineto stroke
newpath 37.07002 21.30003 moveto
37.07002 23.99496 lineto
36.33505 25.21996 lineto stroke
newpath 37.07002 23.99496 moveto
37.805 25.21996 lineto stroke
 0.35 0 dtransform exch truncate exch idtransform pop setlinewidth
newpath -93.28004 -10.19995 moveto
-93.28004 -4.60004 lineto stroke
newpath -91.87996 -10.19995 moveto
-91.87996 -4.60004 lineto stroke
newpath 8.46996 -35.48996 moveto
8.46996 -29.89005 lineto stroke
newpath 9.87004 -35.48996 moveto
9.87004 -29.89005 lineto stroke
newpath 56.46996 48.14005 moveto
56.46996 53.73996 lineto stroke
newpath 57.87004 48.14005 moveto
57.87004 53.73996 lineto stroke
 0 0.35 dtransform truncate idtransform setlinewidth pop
newpath 31.46996 66.21999 moveto
31.46996 67.15338 32.87004 67.15338 32.87004 66.21999 curveto
32.87004 65.5684 32.17 65.12157 32.17 64.46999 curveto stroke
 0 0.84 dtransform truncate idtransform setlinewidth pop
newpath 32.17 63.42003 moveto 0 0 rlineto stroke
 0 0.35 dtransform truncate idtransform setlinewidth pop
newpath 19.22995 25.64998 moveto
19.22995 26.58337 20.63004 26.58337 20.63004 25.64998 curveto
20.63004 24.9984 19.93 24.55156 19.93 23.89998 curveto stroke
 0 0.84 dtransform truncate idtransform setlinewidth pop
newpath 19.93 22.85002 moveto 0 0 rlineto stroke
 0 0.35 dtransform truncate idtransform setlinewidth pop
newpath -110.25385 -24.9979 moveto
-122.84694 -25.41568 lineto stroke
newpath -112.74896 -23.67992 moveto
-112.36795 -24.62769 -111.30374 -25.03273 -110.25385 -24.9979 curveto stroke
newpath -112.65613 -26.47835 moveto
-112.33878 -25.50742 -111.30374 -25.03273 -110.25385 -24.9979 curveto stroke
newpath -122.84694 -25.41568 moveto
-124.19974 -26.86131 lineto stroke
newpath -121.44774 -25.36926 moveto
-122.80052 -26.8149 lineto stroke
newpath -120.04852 -25.32285 moveto
-121.40132 -26.76848 lineto stroke
-1 THsetalpha
 0 0 0.2 0 setcmykcolor
newpath -116.83055 -27.31725 moveto
-116.27386 -27.29878 -115.74739 -27.05989 -115.36684 -26.65326 curveto
-114.9863 -26.2466 -114.78284 -25.70544 -114.8013 -25.14876 curveto
-114.81976 -24.59207 -115.05865 -24.0656 -115.46532 -23.68506 curveto
-115.87196 -23.30452 -116.41312 -23.10106 -116.9698 -23.11952 curveto
-117.52649 -23.138 -118.05295 -23.37688 -118.4335 -23.78352 curveto
-118.81404 -24.19019 -119.0175 -24.73134 -118.99904 -25.28802 curveto
-118.98058 -25.84471 -118.74168 -26.37119 -118.33502 -26.75172 curveto
-117.92838 -27.13225 -117.38724 -27.33572 -116.83055 -27.31725 curveto closepath fill
 0 0 0 1 setcmykcolor
newpath -117.64003 -24.02986 moveto
-116.16042 -26.40692 lineto stroke
newpath -117.55962 -26.45335 moveto
-116.24083 -23.98343 lineto stroke
newpath -118.29938 -25.26482 moveto
-115.50096 -25.17197 lineto stroke
-1 THsetalpha
 0 0 0.2 0 setcmykcolor
newpath -116.86536 -26.26782 moveto
-116.58702 -26.25859 -116.32378 -26.13914 -116.13351 -25.9358 curveto
-115.94324 -25.73248 -115.84149 -25.46191 -115.85072 -25.18358 curveto
-115.85995 -24.90524 -115.9794 -24.642 -116.18274 -24.45174 curveto
-116.38606 -24.26146 -116.65666 -24.15971 -116.935 -24.16895 curveto
-117.21333 -24.17819 -117.47656 -24.29764 -117.66682 -24.50098 curveto
-117.8571 -24.7043 -117.95885 -24.97487 -117.94962 -25.2532 curveto
-117.94038 -25.53154 -117.82094 -25.79478 -117.6176 -25.98505 curveto
-117.41428 -26.17532 -117.14369 -26.27707 -116.86536 -26.26782 curveto closepath fill
 0 0 0 1 setcmykcolor
newpath -116.87697 -25.918 moveto
-116.6914 -25.91185 -116.51591 -25.8322 -116.38905 -25.69667 curveto
-116.26224 -25.56113 -116.19441 -25.38072 -116.20056 -25.19518 curveto
-116.20671 -25.00963 -116.28635 -24.83414 -116.42189 -24.70729 curveto
-116.55745 -24.58046 -116.73782 -24.51262 -116.92339 -24.51877 curveto
-117.10893 -24.52493 -117.28444 -24.60458 -117.41129 -24.74011 curveto
-117.5381 -24.87566 -117.60593 -25.05605 -117.59978 -25.2416 curveto
-117.59363 -25.42714 -117.51399 -25.60265 -117.37845 -25.72949 curveto
-117.2429 -25.85632 -117.06252 -25.92416 -116.87697 -25.918 curveto closepath stroke
 0 0.7 dtransform truncate idtransform setlinewidth pop
newpath -28.69 -39.62 moveto
-28.69 -39.62 -31.94 -43.95 -34.1 -43.95 curveto
-36.26 -43.95 -46.51 -38.89 -50.47 -37.27 curveto
-54.43 -35.66 -66.34 -32.09 -70.48 -28.49 curveto
-74.61 -24.89 -83.77 -15.87 -87.74 -15.51 curveto
-91.7 -15.15 -97.45 -16.4 -97.45 -14.24 curveto
-97.45 -12.08 -97.45 -9.56 -97.45 -9.56 curveto stroke
newpath -99.97 -9.56 moveto
-99.97 -9.56 -99.07 -14.78 -100.51 -14.78 curveto
-101.95 -14.78 -116.53 -12.81 -121.57 -13.35 curveto
-126.62 -13.89 -140.12 -13.37 -139.22 -17.33 curveto
-138.32 -21.28 -138.14 -22.18 -136.34 -25.42 curveto
-134.54 -28.66 -129.21 -33.6 -130.76 -35.68 curveto
-132.31 -37.75 -136.58 -55.33 -136.58 -55.33 curveto stroke
-1 THsetalpha
 0 0 0.2 0 setcmykcolor
newpath 133.925 -27.1 moveto
133.925 -26.86794 133.8328 -26.64539 133.66872 -26.4813 curveto
133.50462 -26.31721 133.28207 -26.225 133.05 -26.225 curveto
132.81793 -26.225 132.59538 -26.31721 132.43129 -26.4813 curveto
132.26721 -26.64539 132.175 -26.86794 132.175 -27.1 curveto
132.175 -27.33208 132.26721 -27.55463 132.43129 -27.71872 curveto
132.59538 -27.8828 132.81793 -27.975 133.05 -27.975 curveto
133.28207 -27.975 133.50462 -27.8828 133.66872 -27.71872 curveto
133.8328 -27.55463 133.925 -27.33208 133.925 -27.1 curveto closepath fill
 0.1 0.88333 0 0.4 setcmykcolor 0 0.35
 dtransform truncate idtransform setlinewidth pop
newpath 133.925 -27.1 moveto
133.925 -26.86794 133.8328 -26.64539 133.66872 -26.4813 curveto
133.50462 -26.31721 133.28207 -26.225 133.05 -26.225 curveto
132.81793 -26.225 132.59538 -26.31721 132.43129 -26.4813 curveto
132.26721 -26.64539 132.175 -26.86794 132.175 -27.1 curveto
132.175 -27.33208 132.26721 -27.55463 132.43129 -27.71872 curveto
132.59538 -27.8828 132.81793 -27.975 133.05 -27.975 curveto
133.28207 -27.975 133.50462 -27.8828 133.66872 -27.71872 curveto
133.8328 -27.55463 133.925 -27.33208 133.925 -27.1 curveto closepath stroke
-1 THsetalpha
 0 0 0.2 0 setcmykcolor
newpath 115.405 -29.04 moveto
115.405 -28.80792 115.31279 -28.58537 115.14871 -28.42128 curveto
114.98462 -28.2572 114.76207 -28.165 114.53 -28.165 curveto
114.29793 -28.165 114.07538 -28.2572 113.91129 -28.42128 curveto
113.74721 -28.58537 113.655 -28.80792 113.655 -29.04 curveto
113.655 -29.27206 113.74721 -29.49461 113.91129 -29.6587 curveto
114.07538 -29.82278 114.29793 -29.915 114.53 -29.915 curveto
114.76207 -29.915 114.98462 -29.82278 115.14871 -29.6587 curveto
115.31279 -29.49461 115.405 -29.27206 115.405 -29.04 curveto closepath fill
 0.1 0.88333 0 0.4 setcmykcolor
newpath 115.405 -29.04 moveto
115.405 -28.80792 115.31279 -28.58537 115.14871 -28.42128 curveto
114.98462 -28.2572 114.76207 -28.165 114.53 -28.165 curveto
114.29793 -28.165 114.07538 -28.2572 113.91129 -28.42128 curveto
113.74721 -28.58537 113.655 -28.80792 113.655 -29.04 curveto
113.655 -29.27206 113.74721 -29.49461 113.91129 -29.6587 curveto
114.07538 -29.82278 114.29793 -29.915 114.53 -29.915 curveto
114.76207 -29.915 114.98462 -29.82278 115.14871 -29.6587 curveto
115.31279 -29.49461 115.405 -29.27206 115.405 -29.04 curveto closepath stroke
-1 THsetalpha
 0 0 0.2 0 setcmykcolor
newpath 95.405 -3.44 moveto
95.405 -3.20793 95.31279 -2.98538 95.14871 -2.82129 curveto
94.98462 -2.65721 94.76207 -2.565 94.53 -2.565 curveto
94.29793 -2.565 94.07538 -2.65721 93.91129 -2.82129 curveto
93.74721 -2.98538 93.655 -3.20793 93.655 -3.44 curveto
93.655 -3.67207 93.74721 -3.89462 93.91129 -4.05872 curveto
94.07538 -4.2228 94.29793 -4.315 94.53 -4.315 curveto
94.76207 -4.315 94.98462 -4.2228 95.14871 -4.05872 curveto
95.31279 -3.89462 95.405 -3.67207 95.405 -3.44 curveto closepath fill
 0.1 0.88333 0 0.4 setcmykcolor
newpath 95.405 -3.44 moveto
95.405 -3.20793 95.31279 -2.98538 95.14871 -2.82129 curveto
94.98462 -2.65721 94.76207 -2.565 94.53 -2.565 curveto
94.29793 -2.565 94.07538 -2.65721 93.91129 -2.82129 curveto
93.74721 -2.98538 93.655 -3.20793 93.655 -3.44 curveto
93.655 -3.67207 93.74721 -3.89462 93.91129 -4.05872 curveto
94.07538 -4.2228 94.29793 -4.315 94.53 -4.315 curveto
94.76207 -4.315 94.98462 -4.2228 95.14871 -4.05872 curveto
95.31279 -3.89462 95.405 -3.67207 95.405 -3.44 curveto closepath stroke
-1 THsetalpha
 0 0 0.2 0 setcmykcolor
newpath 81.505 13.72 moveto
81.505 13.95207 81.4128 14.17462 81.24872 14.33871 curveto
81.08463 14.50279 80.86208 14.595 80.63 14.595 curveto
80.39793 14.595 80.17538 14.50279 80.01129 14.33871 curveto
79.84721 14.17462 79.755 13.95207 79.755 13.72 curveto
79.755 13.48793 79.84721 13.26538 80.01129 13.10129 curveto
80.17538 12.93721 80.39793 12.845 80.63 12.845 curveto
80.86208 12.845 81.08463 12.93721 81.24872 13.10129 curveto
81.4128 13.26538 81.505 13.48793 81.505 13.72 curveto closepath fill
 0.1 0.88333 0 0.4 setcmykcolor
newpath 81.505 13.72 moveto
81.505 13.95207 81.4128 14.17462 81.24872 14.33871 curveto
81.08463 14.50279 80.86208 14.595 80.63 14.595 curveto
80.39793 14.595 80.17538 14.50279 80.01129 14.33871 curveto
79.84721 14.17462 79.755 13.95207 79.755 13.72 curveto
79.755 13.48793 79.84721 13.26538 80.01129 13.10129 curveto
80.17538 12.93721 80.39793 12.845 80.63 12.845 curveto
80.86208 12.845 81.08463 12.93721 81.24872 13.10129 curveto
81.4128 13.26538 81.505 13.48793 81.505 13.72 curveto closepath stroke
-1 THsetalpha
 0 0 0.2 0 setcmykcolor
newpath 63.125 27.08 moveto
63.125 27.31207 63.03279 27.53462 62.86871 27.69872 curveto
62.70462 27.8628 62.48207 27.955 62.25 27.955 curveto
62.01793 27.955 61.79538 27.8628 61.63129 27.69872 curveto
61.46721 27.53462 61.375 27.31207 61.375 27.08 curveto
61.375 26.84793 61.46721 26.62538 61.63129 26.46129 curveto
61.79538 26.29721 62.01793 26.205 62.25 26.205 curveto
62.48207 26.205 62.70462 26.29721 62.86871 26.46129 curveto
63.03279 26.62538 63.125 26.84793 63.125 27.08 curveto closepath fill
 0.1 0.88333 0 0.4 setcmykcolor
newpath 63.125 27.08 moveto
63.125 27.31207 63.03279 27.53462 62.86871 27.69872 curveto
62.70462 27.8628 62.48207 27.955 62.25 27.955 curveto
62.01793 27.955 61.79538 27.8628 61.63129 27.69872 curveto
61.46721 27.53462 61.375 27.31207 61.375 27.08 curveto
61.375 26.84793 61.46721 26.62538 61.63129 26.46129 curveto
61.79538 26.29721 62.01793 26.205 62.25 26.205 curveto
62.48207 26.205 62.70462 26.29721 62.86871 26.46129 curveto
63.03279 26.62538 63.125 26.84793 63.125 27.08 curveto closepath stroke
-1 THsetalpha
 0 0 0.2 0 setcmykcolor
newpath 55.555 34.91 moveto
55.555 35.14207 55.46278 35.36462 55.2987 35.52872 curveto
55.13461 35.6928 54.91206 35.785 54.68 35.785 curveto
54.44792 35.785 54.22537 35.6928 54.06128 35.52872 curveto
53.8972 35.36462 53.805 35.14207 53.805 34.91 curveto
53.805 34.67793 53.8972 34.45538 54.06128 34.29129 curveto
54.22537 34.12721 54.44792 34.035 54.68 34.035 curveto
54.91206 34.035 55.13461 34.12721 55.2987 34.29129 curveto
55.46278 34.45538 55.555 34.67793 55.555 34.91 curveto closepath fill
 0.1 0.88333 0 0.4 setcmykcolor
newpath 55.555 34.91 moveto
55.555 35.14207 55.46278 35.36462 55.2987 35.52872 curveto
55.13461 35.6928 54.91206 35.785 54.68 35.785 curveto
54.44792 35.785 54.22537 35.6928 54.06128 35.52872 curveto
53.8972 35.36462 53.805 35.14207 53.805 34.91 curveto
53.805 34.67793 53.8972 34.45538 54.06128 34.29129 curveto
54.22537 34.12721 54.44792 34.035 54.68 34.035 curveto
54.91206 34.035 55.13461 34.12721 55.2987 34.29129 curveto
55.46278 34.45538 55.555 34.67793 55.555 34.91 curveto closepath stroke
-1 THsetalpha
 0 0 0.2 0 setcmykcolor
newpath 57.625 42.13 moveto
57.625 42.36208 57.53279 42.58463 57.36871 42.74872 curveto
57.20462 42.9128 56.98207 43.005 56.75 43.005 curveto
56.51793 43.005 56.29538 42.9128 56.13129 42.74872 curveto
55.96721 42.58463 55.875 42.36208 55.875 42.13 curveto
55.875 41.89793 55.96721 41.67538 56.13129 41.51129 curveto
56.29538 41.34721 56.51793 41.255 56.75 41.255 curveto
56.98207 41.255 57.20462 41.34721 57.36871 41.51129 curveto
57.53279 41.67538 57.625 41.89793 57.625 42.13 curveto closepath fill
 0.1 0.88333 0 0.4 setcmykcolor
newpath 57.625 42.13 moveto
57.625 42.36208 57.53279 42.58463 57.36871 42.74872 curveto
57.20462 42.9128 56.98207 43.005 56.75 43.005 curveto
56.51793 43.005 56.29538 42.9128 56.13129 42.74872 curveto
55.96721 42.58463 55.875 42.36208 55.875 42.13 curveto
55.875 41.89793 55.96721 41.67538 56.13129 41.51129 curveto
56.29538 41.34721 56.51793 41.255 56.75 41.255 curveto
56.98207 41.255 57.20462 41.34721 57.36871 41.51129 curveto
57.53279 41.67538 57.625 41.89793 57.625 42.13 curveto closepath stroke
-1 THsetalpha
 0 0 0.2 0 setcmykcolor
newpath 38.715 50.15 moveto
38.715 50.38206 38.62279 50.60461 38.45871 50.7687 curveto
38.29462 50.93279 38.07207 51.025 37.84 51.025 curveto
37.60793 51.025 37.38538 50.93279 37.22128 50.7687 curveto
37.0572 50.60461 36.965 50.38206 36.965 50.15 curveto
36.965 49.91792 37.0572 49.69537 37.22128 49.53128 curveto
37.38538 49.3672 37.60793 49.275 37.84 49.275 curveto
38.07207 49.275 38.29462 49.3672 38.45871 49.53128 curveto
38.62279 49.69537 38.715 49.91792 38.715 50.15 curveto closepath fill
 0.1 0.88333 0 0.4 setcmykcolor
newpath 38.715 50.15 moveto
38.715 50.38206 38.62279 50.60461 38.45871 50.7687 curveto
38.29462 50.93279 38.07207 51.025 37.84 51.025 curveto
37.60793 51.025 37.38538 50.93279 37.22128 50.7687 curveto
37.0572 50.60461 36.965 50.38206 36.965 50.15 curveto
36.965 49.91792 37.0572 49.69537 37.22128 49.53128 curveto
37.38538 49.3672 37.60793 49.275 37.84 49.275 curveto
38.07207 49.275 38.29462 49.3672 38.45871 49.53128 curveto
38.62279 49.69537 38.715 49.91792 38.715 50.15 curveto closepath stroke
-1 THsetalpha
 0 0 0.2 0 setcmykcolor
newpath 29.715 44.95 moveto
29.715 45.18207 29.62279 45.40462 29.45871 45.56871 curveto
29.29462 45.73279 29.07207 45.825 28.84 45.825 curveto
28.60793 45.825 28.38538 45.73279 28.22128 45.56871 curveto
28.0572 45.40462 27.965 45.18207 27.965 44.95 curveto
27.965 44.71793 28.0572 44.49538 28.22128 44.33128 curveto
28.38538 44.1672 28.60793 44.075 28.84 44.075 curveto
29.07207 44.075 29.29462 44.1672 29.45871 44.33128 curveto
29.62279 44.49538 29.715 44.71793 29.715 44.95 curveto closepath fill
 0.1 0.88333 0 0.4 setcmykcolor
newpath 29.715 44.95 moveto
29.715 45.18207 29.62279 45.40462 29.45871 45.56871 curveto
29.29462 45.73279 29.07207 45.825 28.84 45.825 curveto
28.60793 45.825 28.38538 45.73279 28.22128 45.56871 curveto
28.0572 45.40462 27.965 45.18207 27.965 44.95 curveto
27.965 44.71793 28.0572 44.49538 28.22128 44.33128 curveto
28.38538 44.1672 28.60793 44.075 28.84 44.075 curveto
29.07207 44.075 29.29462 44.1672 29.45871 44.33128 curveto
29.62279 44.49538 29.715 44.71793 29.715 44.95 curveto closepath stroke
-1 THsetalpha
 0 0 0.2 0 setcmykcolor
newpath 29.715 31.72 moveto
29.715 31.95207 29.62279 32.17462 29.45871 32.33871 curveto
29.29462 32.50279 29.07207 32.595 28.84 32.595 curveto
28.60793 32.595 28.38538 32.50279 28.22128 32.33871 curveto
28.0572 32.17462 27.965 31.95207 27.965 31.72 curveto
27.965 31.48793 28.0572 31.26538 28.22128 31.10129 curveto
28.38538 30.93721 28.60793 30.845 28.84 30.845 curveto
29.07207 30.845 29.29462 30.93721 29.45871 31.10129 curveto
29.62279 31.26538 29.715 31.48793 29.715 31.72 curveto closepath fill
 0.1 0.88333 0 0.4 setcmykcolor
newpath 29.715 31.72 moveto
29.715 31.95207 29.62279 32.17462 29.45871 32.33871 curveto
29.29462 32.50279 29.07207 32.595 28.84 32.595 curveto
28.60793 32.595 28.38538 32.50279 28.22128 32.33871 curveto
28.0572 32.17462 27.965 31.95207 27.965 31.72 curveto
27.965 31.48793 28.0572 31.26538 28.22128 31.10129 curveto
28.38538 30.93721 28.60793 30.845 28.84 30.845 curveto
29.07207 30.845 29.29462 30.93721 29.45871 31.10129 curveto
29.62279 31.26538 29.715 31.48793 29.715 31.72 curveto closepath stroke
-1 THsetalpha
 0 0 0.2 0 setcmykcolor
newpath 30.575 7.05 moveto
30.575 7.28207 30.48279 7.50462 30.31871 7.66872 curveto
30.15462 7.8328 29.93207 7.925 29.7 7.925 curveto
29.46793 7.925 29.24538 7.8328 29.08128 7.66872 curveto
28.9172 7.50462 28.825 7.28207 28.825 7.05 curveto
28.825 6.81793 28.9172 6.59538 29.08128 6.43129 curveto
29.24538 6.26721 29.46793 6.175 29.7 6.175 curveto
29.93207 6.175 30.15462 6.26721 30.31871 6.43129 curveto
30.48279 6.59538 30.575 6.81793 30.575 7.05 curveto closepath fill
 0.1 0.88333 0 0.4 setcmykcolor
newpath 30.575 7.05 moveto
30.575 7.28207 30.48279 7.50462 30.31871 7.66872 curveto
30.15462 7.8328 29.93207 7.925 29.7 7.925 curveto
29.46793 7.925 29.24538 7.8328 29.08128 7.66872 curveto
28.9172 7.50462 28.825 7.28207 28.825 7.05 curveto
28.825 6.81793 28.9172 6.59538 29.08128 6.43129 curveto
29.24538 6.26721 29.46793 6.175 29.7 6.175 curveto
29.93207 6.175 30.15462 6.26721 30.31871 6.43129 curveto
30.48279 6.59538 30.575 6.81793 30.575 7.05 curveto closepath stroke
-1 THsetalpha
 0 0 0.2 0 setcmykcolor
newpath 23.015 10.57 moveto
23.015 10.80208 22.92279 11.02463 22.75871 11.18872 curveto
22.59462 11.3528 22.37207 11.445 22.14 11.445 curveto
21.90793 11.445 21.68538 11.3528 21.52129 11.18872 curveto
21.35721 11.02463 21.265 10.80208 21.265 10.57 curveto
21.265 10.33794 21.35721 10.11539 21.52129 9.9513 curveto
21.68538 9.78722 21.90793 9.695 22.14 9.695 curveto
22.37207 9.695 22.59462 9.78722 22.75871 9.9513 curveto
22.92279 10.11539 23.015 10.33794 23.015 10.57 curveto closepath fill
 0.1 0.88333 0 0.4 setcmykcolor
newpath 23.015 10.57 moveto
23.015 10.80208 22.92279 11.02463 22.75871 11.18872 curveto
22.59462 11.3528 22.37207 11.445 22.14 11.445 curveto
21.90793 11.445 21.68538 11.3528 21.52129 11.18872 curveto
21.35721 11.02463 21.265 10.80208 21.265 10.57 curveto
21.265 10.33794 21.35721 10.11539 21.52129 9.9513 curveto
21.68538 9.78722 21.90793 9.695 22.14 9.695 curveto
22.37207 9.695 22.59462 9.78722 22.75871 9.9513 curveto
22.92279 10.11539 23.015 10.33794 23.015 10.57 curveto closepath stroke
-1 THsetalpha
 0 0 0.2 0 setcmykcolor
newpath 9.565 -9.97 moveto
9.565 -9.73793 9.4728 -9.51538 9.30872 -9.35129 curveto
9.14462 -9.18721 8.92207 -9.095 8.69 -9.095 curveto
8.45793 -9.095 8.23538 -9.18721 8.07129 -9.35129 curveto
7.90721 -9.51538 7.815 -9.73793 7.815 -9.97 curveto
7.815 -10.20207 7.90721 -10.42462 8.07129 -10.58871 curveto
8.23538 -10.75279 8.45793 -10.845 8.69 -10.845 curveto
8.92207 -10.845 9.14462 -10.75279 9.30872 -10.58871 curveto
9.4728 -10.42462 9.565 -10.20207 9.565 -9.97 curveto closepath fill
 0.1 0.88333 0 0.4 setcmykcolor
newpath 9.565 -9.97 moveto
9.565 -9.73793 9.4728 -9.51538 9.30872 -9.35129 curveto
9.14462 -9.18721 8.92207 -9.095 8.69 -9.095 curveto
8.45793 -9.095 8.23538 -9.18721 8.07129 -9.35129 curveto
7.90721 -9.51538 7.815 -9.73793 7.815 -9.97 curveto
7.815 -10.20207 7.90721 -10.42462 8.07129 -10.58871 curveto
8.23538 -10.75279 8.45793 -10.845 8.69 -10.845 curveto
8.92207 -10.845 9.14462 -10.75279 9.30872 -10.58871 curveto
9.4728 -10.42462 9.565 -10.20207 9.565 -9.97 curveto closepath stroke
-1 THsetalpha
 0 0 0.2 0 setcmykcolor
newpath -14.205 -46.57 moveto
-14.205 -46.33794 -14.29721 -46.11539 -14.46129 -45.9513 curveto
-14.62538 -45.78722 -14.84793 -45.695 -15.08 -45.695 curveto
-15.31207 -45.695 -15.53462 -45.78722 -15.69872 -45.9513 curveto
-15.8628 -46.11539 -15.955 -46.33794 -15.955 -46.57 curveto
-15.955 -46.80208 -15.8628 -47.02463 -15.69872 -47.18872 curveto
-15.53462 -47.3528 -15.31207 -47.445 -15.08 -47.445 curveto
-14.84793 -47.445 -14.62538 -47.3528 -14.46129 -47.18872 curveto
-14.29721 -47.02463 -14.205 -46.80208 -14.205 -46.57 curveto closepath fill
 0.1 0.88333 0 0.4 setcmykcolor
newpath -14.205 -46.57 moveto
-14.205 -46.33794 -14.29721 -46.11539 -14.46129 -45.9513 curveto
-14.62538 -45.78722 -14.84793 -45.695 -15.08 -45.695 curveto
-15.31207 -45.695 -15.53462 -45.78722 -15.69872 -45.9513 curveto
-15.8628 -46.11539 -15.955 -46.33794 -15.955 -46.57 curveto
-15.955 -46.80208 -15.8628 -47.02463 -15.69872 -47.18872 curveto
-15.53462 -47.3528 -15.31207 -47.445 -15.08 -47.445 curveto
-14.84793 -47.445 -14.62538 -47.3528 -14.46129 -47.18872 curveto
-14.29721 -47.02463 -14.205 -46.80208 -14.205 -46.57 curveto closepath stroke
-1 THsetalpha
 0 0 0.2 0 setcmykcolor
newpath -30.645 -46.57 moveto
-30.645 -46.33794 -30.73721 -46.11539 -30.90129 -45.9513 curveto
-31.06538 -45.78722 -31.28793 -45.695 -31.52 -45.695 curveto
-31.75208 -45.695 -31.97462 -45.78722 -32.13872 -45.9513 curveto
-32.3028 -46.11539 -32.395 -46.33794 -32.395 -46.57 curveto
-32.395 -46.80208 -32.3028 -47.02463 -32.13872 -47.18872 curveto
-31.97462 -47.3528 -31.75208 -47.445 -31.52 -47.445 curveto
-31.28793 -47.445 -31.06538 -47.3528 -30.90129 -47.18872 curveto
-30.73721 -47.02463 -30.645 -46.80208 -30.645 -46.57 curveto closepath fill
 0.1 0.88333 0 0.4 setcmykcolor
newpath -30.645 -46.57 moveto
-30.645 -46.33794 -30.73721 -46.11539 -30.90129 -45.9513 curveto
-31.06538 -45.78722 -31.28793 -45.695 -31.52 -45.695 curveto
-31.75208 -45.695 -31.97462 -45.78722 -32.13872 -45.9513 curveto
-32.3028 -46.11539 -32.395 -46.33794 -32.395 -46.57 curveto
-32.395 -46.80208 -32.3028 -47.02463 -32.13872 -47.18872 curveto
-31.97462 -47.3528 -31.75208 -47.445 -31.52 -47.445 curveto
-31.28793 -47.445 -31.06538 -47.3528 -30.90129 -47.18872 curveto
-30.73721 -47.02463 -30.645 -46.80208 -30.645 -46.57 curveto closepath stroke
-1 THsetalpha
 0 0 0.2 0 setcmykcolor
newpath -70.315 -31.34 moveto
-70.315 -31.10793 -70.40721 -30.88538 -70.57129 -30.72128 curveto
-70.73538 -30.5572 -70.95793 -30.465 -71.19 -30.465 curveto
-71.42207 -30.465 -71.64462 -30.5572 -71.80872 -30.72128 curveto
-71.9728 -30.88538 -72.065 -31.10793 -72.065 -31.34 curveto
-72.065 -31.57207 -71.9728 -31.79462 -71.80872 -31.95871 curveto
-71.64462 -32.12279 -71.42207 -32.215 -71.19 -32.215 curveto
-70.95793 -32.215 -70.73538 -32.12279 -70.57129 -31.95871 curveto
-70.40721 -31.79462 -70.315 -31.57207 -70.315 -31.34 curveto closepath fill
 0.1 0.88333 0 0.4 setcmykcolor
newpath -70.315 -31.34 moveto
-70.315 -31.10793 -70.40721 -30.88538 -70.57129 -30.72128 curveto
-70.73538 -30.5572 -70.95793 -30.465 -71.19 -30.465 curveto
-71.42207 -30.465 -71.64462 -30.5572 -71.80872 -30.72128 curveto
-71.9728 -30.88538 -72.065 -31.10793 -72.065 -31.34 curveto
-72.065 -31.57207 -71.9728 -31.79462 -71.80872 -31.95871 curveto
-71.64462 -32.12279 -71.42207 -32.215 -71.19 -32.215 curveto
-70.95793 -32.215 -70.73538 -32.12279 -70.57129 -31.95871 curveto
-70.40721 -31.79462 -70.315 -31.57207 -70.315 -31.34 curveto closepath stroke
-1 THsetalpha
 0 0 0.2 0 setcmykcolor
newpath -88.385 -19.61 moveto
-88.385 -19.37793 -88.4772 -19.15538 -88.64128 -18.99129 curveto
-88.80537 -18.82721 -89.02792 -18.735 -89.26 -18.735 curveto
-89.49207 -18.735 -89.71461 -18.82721 -89.87871 -18.99129 curveto
-90.04279 -19.15538 -90.135 -19.37793 -90.135 -19.61 curveto
-90.135 -19.84207 -90.04279 -20.06462 -89.87871 -20.22871 curveto
-89.71461 -20.39279 -89.49207 -20.485 -89.26 -20.485 curveto
-89.02792 -20.485 -88.80537 -20.39279 -88.64128 -20.22871 curveto
-88.4772 -20.06462 -88.385 -19.84207 -88.385 -19.61 curveto closepath fill
 0.1 0.88333 0 0.4 setcmykcolor
newpath -88.385 -19.61 moveto
-88.385 -19.37793 -88.4772 -19.15538 -88.64128 -18.99129 curveto
-88.80537 -18.82721 -89.02792 -18.735 -89.26 -18.735 curveto
-89.49207 -18.735 -89.71461 -18.82721 -89.87871 -18.99129 curveto
-90.04279 -19.15538 -90.135 -19.37793 -90.135 -19.61 curveto
-90.135 -19.84207 -90.04279 -20.06462 -89.87871 -20.22871 curveto
-89.71461 -20.39279 -89.49207 -20.485 -89.26 -20.485 curveto
-89.02792 -20.485 -88.80537 -20.39279 -88.64128 -20.22871 curveto
-88.4772 -20.06462 -88.385 -19.84207 -88.385 -19.61 curveto closepath stroke
-1 THsetalpha
 0 0 0.2 0 setcmykcolor
newpath -121.685 -16.69 moveto
-121.685 -16.45793 -121.7772 -16.23538 -121.94128 -16.07129 curveto
-122.10538 -15.90721 -122.32793 -15.815 -122.56 -15.815 curveto
-122.79207 -15.815 -123.01462 -15.90721 -123.17871 -16.07129 curveto
-123.34279 -16.23538 -123.435 -16.45793 -123.435 -16.69 curveto
-123.435 -16.92207 -123.34279 -17.14462 -123.17871 -17.30872 curveto
-123.01462 -17.4728 -122.79207 -17.565 -122.56 -17.565 curveto
-122.32793 -17.565 -122.10538 -17.4728 -121.94128 -17.30872 curveto
-121.7772 -17.14462 -121.685 -16.92207 -121.685 -16.69 curveto closepath fill
 0.1 0.88333 0 0.4 setcmykcolor
newpath -121.685 -16.69 moveto
-121.685 -16.45793 -121.7772 -16.23538 -121.94128 -16.07129 curveto
-122.10538 -15.90721 -122.32793 -15.815 -122.56 -15.815 curveto
-122.79207 -15.815 -123.01462 -15.90721 -123.17871 -16.07129 curveto
-123.34279 -16.23538 -123.435 -16.45793 -123.435 -16.69 curveto
-123.435 -16.92207 -123.34279 -17.14462 -123.17871 -17.30872 curveto
-123.01462 -17.4728 -122.79207 -17.565 -122.56 -17.565 curveto
-122.32793 -17.565 -122.10538 -17.4728 -121.94128 -17.30872 curveto
-121.7772 -17.14462 -121.685 -16.92207 -121.685 -16.69 curveto closepath stroke
-1 THsetalpha
 0 0 0.2 0 setcmykcolor
newpath -136.625 -18.26 moveto
-136.625 -18.02792 -136.71721 -17.80537 -136.88129 -17.64128 curveto
-137.04538 -17.4772 -137.26793 -17.385 -137.5 -17.385 curveto
-137.73207 -17.385 -137.95462 -17.4772 -138.11871 -17.64128 curveto
-138.28279 -17.80537 -138.375 -18.02792 -138.375 -18.26 curveto
-138.375 -18.49207 -138.28279 -18.71461 -138.11871 -18.87871 curveto
-137.95462 -19.04279 -137.73207 -19.135 -137.5 -19.135 curveto
-137.26793 -19.135 -137.04538 -19.04279 -136.88129 -18.87871 curveto
-136.71721 -18.71461 -136.625 -18.49207 -136.625 -18.26 curveto closepath fill
 0.1 0.88333 0 0.4 setcmykcolor
newpath -136.625 -18.26 moveto
-136.625 -18.02792 -136.71721 -17.80537 -136.88129 -17.64128 curveto
-137.04538 -17.4772 -137.26793 -17.385 -137.5 -17.385 curveto
-137.73207 -17.385 -137.95462 -17.4772 -138.11871 -17.64128 curveto
-138.28279 -17.80537 -138.375 -18.02792 -138.375 -18.26 curveto
-138.375 -18.49207 -138.28279 -18.71461 -138.11871 -18.87871 curveto
-137.95462 -19.04279 -137.73207 -19.135 -137.5 -19.135 curveto
-137.26793 -19.135 -137.04538 -19.04279 -136.88129 -18.87871 curveto
-136.71721 -18.71461 -136.625 -18.49207 -136.625 -18.26 curveto closepath stroke
-1 THsetalpha
 0 0 0.2 0 setcmykcolor
newpath -129.055 -34.5 moveto
-129.055 -34.26793 -129.1472 -34.04538 -129.31128 -33.88129 curveto
-129.47537 -33.71721 -129.69792 -33.625 -129.93 -33.625 curveto
-130.16206 -33.625 -130.38461 -33.71721 -130.5487 -33.88129 curveto
-130.71278 -34.04538 -130.805 -34.26793 -130.805 -34.5 curveto
-130.805 -34.73207 -130.71278 -34.95462 -130.5487 -35.11871 curveto
-130.38461 -35.28279 -130.16206 -35.375 -129.93 -35.375 curveto
-129.69792 -35.375 -129.47537 -35.28279 -129.31128 -35.11871 curveto
-129.1472 -34.95462 -129.055 -34.73207 -129.055 -34.5 curveto closepath fill
 0.1 0.88333 0 0.4 setcmykcolor
newpath -129.055 -34.5 moveto
-129.055 -34.26793 -129.1472 -34.04538 -129.31128 -33.88129 curveto
-129.47537 -33.71721 -129.69792 -33.625 -129.93 -33.625 curveto
-130.16206 -33.625 -130.38461 -33.71721 -130.5487 -33.88129 curveto
-130.71278 -34.04538 -130.805 -34.26793 -130.805 -34.5 curveto
-130.805 -34.73207 -130.71278 -34.95462 -130.5487 -35.11871 curveto
-130.38461 -35.28279 -130.16206 -35.375 -129.93 -35.375 curveto
-129.69792 -35.375 -129.47537 -35.28279 -129.31128 -35.11871 curveto
-129.1472 -34.95462 -129.055 -34.73207 -129.055 -34.5 curveto closepath stroke
-1 THsetalpha
 0 0 0.2 0 setcmykcolor
newpath -134.265 -55.4 moveto
-134.265 -55.16792 -134.35721 -54.94537 -134.52129 -54.78128 curveto
-134.68538 -54.6172 -134.90793 -54.525 -135.14 -54.525 curveto
-135.37207 -54.525 -135.59462 -54.6172 -135.75871 -54.78128 curveto
-135.92279 -54.94537 -136.015 -55.16792 -136.015 -55.4 curveto
-136.015 -55.63206 -135.92279 -55.85461 -135.75871 -56.0187 curveto
-135.59462 -56.18279 -135.37207 -56.275 -135.14 -56.275 curveto
-134.90793 -56.275 -134.68538 -56.18279 -134.52129 -56.0187 curveto
-134.35721 -55.85461 -134.265 -55.63206 -134.265 -55.4 curveto closepath fill
 0.1 0.88333 0 0.4 setcmykcolor
newpath -134.265 -55.4 moveto
-134.265 -55.16792 -134.35721 -54.94537 -134.52129 -54.78128 curveto
-134.68538 -54.6172 -134.90793 -54.525 -135.14 -54.525 curveto
-135.37207 -54.525 -135.59462 -54.6172 -135.75871 -54.78128 curveto
-135.92279 -54.94537 -136.015 -55.16792 -136.015 -55.4 curveto
-136.015 -55.63206 -135.92279 -55.85461 -135.75871 -56.0187 curveto
-135.59462 -56.18279 -135.37207 -56.275 -135.14 -56.275 curveto
-134.90793 -56.275 -134.68538 -56.18279 -134.52129 -56.0187 curveto
-134.35721 -55.85461 -134.265 -55.63206 -134.265 -55.4 curveto closepath stroke
showpage
%%EOF
