%!PS
%%BoundingBox: -140 -64 141 53 
%%HiResBoundingBox: -139.38542 -63.73251 140.24251 52.1325 
%%Creator: MetaPost 1.999
%%CreationDate: 2021.08.16:1551
%%Pages: 1
%%BeginProlog
%%EndProlog
%%Page: 1 1
 0 0.24501 dtransform truncate idtransform setlinewidth pop [] 0 setdash
 1 setlinecap 1 setlinejoin 10 setmiterlimit
newpath -133.52 -56.41 moveto
-133.52 -56.41 -126.08 -38.92 -127.52 -35.68 curveto
-128.96 -32.43 -135.08 -21.64 -131.47 -20.92 curveto
-127.87 -20.2 -119.95 -20.19 -112.39 -20.19 curveto
-104.83 -20.18 -93.68 -18.03 -87.92 -22.71 curveto
-82.17 -27.39 -73.54 -32.81 -64.89 -36.4 curveto
-56.23 -39.99 -40.39 -51.15 -32.84 -50.43 curveto
-25.27 -49.71 -14.48 -50.78 -11.6 -45.03 curveto
-8.7 -39.24 -0.01 -24.42 0.71 -26.22 curveto
1.43 -28.02 1.79 -31.63 1.79 -31.63 curveto stroke
newpath 4.31 -31.26 moveto
4.31 -31.26 1.07 -25.14 5.38 -19.76 curveto
9.65 -14.41 15.12 -8.22 20.32 -3.04 curveto
25.38 2 28.4 6.13 29.64 5.57 curveto stroke
newpath 29.64 5.57 moveto
29.64 5.57 31.23 7 30.78 9.82 curveto
30.31 12.77 31.08 28.48 31.08 32.57 curveto
31.07 36.74 30.35 43.89 33.42 45.17 curveto
36.47 46.43 36.28 48.75 39.34 46.78 curveto
42.41 44.82 52.3 38.31 53.02 36.32 curveto
53.73 34.33 60.39 26.97 63.64 24.46 curveto
66.88 21.94 74.25 15.45 77.49 10.77 curveto
80.74 6.07 91.93 -2.22 87.49 -17.08 curveto
83.07 -31.88 75.3 -58.3 92.62 -59.44 curveto
109.9 -60.59 104.69 -61.46 116.92 -59.32 curveto stroke
newpath 116.92 -59.32 moveto
116.92 -59.32 119.8 -59.14 121.77 -60.03 curveto
123.75 -60.92 125.72 -63.61 125.72 -63.61 curveto stroke
newpath 129.85 -61.45 moveto
129.85 -61.45 125.54 -57.15 126.44 -56.07 curveto
127.34 -54.99 127.52 -54.81 127.52 -54.81 curveto stroke
newpath 127.52 -54.81 moveto
131.26 -46.88 138.33 -36.35 140.12 -34.73 curveto stroke
newpath 118.28 -26.49 moveto
118.28 -26.49 115.53 -28.76 112.66 -23.98 curveto
109.31 -18.4 97.84 -5.84 94.78 -0.78 curveto
91.73 4.25 88.12 14.35 83.43 17.06 curveto
78.76 19.77 65.25 24.81 62.55 28.77 curveto
59.85 32.73 58.42 30.39 58.06 34.52 curveto
57.7 38.67 59.14 42.62 56.26 43.71 curveto
53.38 44.79 51.23 45.35 51.23 46.79 curveto
51.23 48.23 52.31 50.4 52.31 50.4 curveto stroke
newpath 50.34 51.12 moveto
50.34 51.12 50.51 46.07 48.18 46.98 curveto
45.84 47.88 40.06 51.99 37.18 50.73 curveto
34.31 49.47 33.05 50.74 32.15 52.01 curveto stroke
newpath 29.81 50.74 moveto
29.81 50.74 32.69 48.94 29.63 46.77 curveto
26.57 44.6 28.39 40.85 28.39 37.82 curveto
28.39 34.74 28.04 28.31 27.93 25.25 curveto
27.83 22.22 29.66 18.35 27.53 17.12 curveto stroke
newpath 27.53 17.12 moveto
27.53 17.12 26.66 15.63 26.29 16.92 curveto
25.94 18.15 24.65 20.52 24.65 20.52 curveto stroke
newpath 22.72 18.22 moveto
22.72 18.22 25.95 15.22 26.29 14.18 curveto
26.65 13.13 27.16 11.44 27.16 11.44 curveto stroke
newpath 27.16 11.44 moveto
24.84 11.53 22.56 15.29 22.56 15.29 curveto stroke
newpath 22.15 9.12 moveto
22.15 9.12 27.14 9.83 25.76 7.61 curveto
24.41 5.42 17.45 -1.59 15.41 -3.08 curveto
13.35 -4.59 7.64 -10.67 4.45 -14.39 curveto
1.24 -18.13 -2.89 -22.8 -6.5 -27.14 curveto
-10.11 -31.48 -9.75 -31.84 -10.48 -32.56 curveto
-11.2 -33.29 -14.1 -36.55 -15.18 -36.55 curveto
-16.26 -36.55 -20.4 -36.73 -20.4 -36.73 curveto stroke
newpath -20.4 -36.73 moveto
-20.4 -36.73 -27.68 -38.8 -28.69 -39.62 curveto stroke
newpath -28.69 -39.62 moveto
-28.69 -39.62 -31.94 -43.95 -34.1 -43.95 curveto
-36.26 -43.95 -46.51 -38.89 -50.47 -37.27 curveto
-54.43 -35.66 -66.34 -32.09 -70.48 -28.49 curveto
-74.61 -24.89 -83.77 -15.87 -87.74 -15.51 curveto
-91.7 -15.15 -97.45 -16.4 -97.45 -14.24 curveto
-97.45 -12.08 -97.45 -9.56 -97.45 -9.56 curveto stroke
newpath -99.97 -9.56 moveto
-99.97 -9.56 -99.07 -14.78 -100.51 -14.78 curveto
-101.95 -14.78 -116.53 -12.81 -121.57 -13.35 curveto
-126.62 -13.89 -140.12 -13.37 -139.22 -17.33 curveto
-138.32 -21.28 -138.14 -22.18 -136.34 -25.42 curveto
-134.54 -28.66 -129.21 -33.6 -130.76 -35.68 curveto
-132.31 -37.75 -136.58 -55.33 -136.58 -55.33 curveto stroke
newpath -29.24 -42.68 moveto
-29.24 -42.68 -22.39 -39.07 -20.76 -38.71 curveto stroke
newpath -20.76 -38.71 moveto
-20.76 -38.71 -15.54 -37.81 -16.45 -39.08 curveto
-17.35 -40.34 -19.33 -42.14 -22.03 -43.04 curveto
-24.73 -43.94 -31.04 -46.83 -30.86 -45.39 curveto
-30.68 -43.95 -29.24 -42.68 -29.24 -42.68 curveto stroke
newpath 117.67 -33.7 moveto
117.67 -33.7 126.82 -31.27 129.96 -32.24 curveto
133.17 -33.24 133.88 -34.56 133.35 -36.74 curveto
132.83 -38.92 126.8 -46.93 121.96 -46.95 curveto
117.12 -46.98 94.97 -48.33 98.58 -43.52 curveto
102.19 -38.7 105.8 -36.93 109.03 -36.01 curveto
112.25 -35.1 117.67 -33.7 117.67 -33.7 curveto closepath stroke
showpage
%%EOF
