%!PS
%%BoundingBox: -5 -3 5 2 
%%HiResBoundingBox: -4.74852 -2.48933 4.74852 1.63374 
%%Creator: MetaPost 1.999
%%CreationDate: 2021.08.16:1551
%%Pages: 1
%%BeginProlog
%%EndProlog
%%Page: 1 1
 0 0 0 1 setcmykcolor
newpath 4.74852 -1.2852 moveto
4.05853 -1.31302 3.751 -1.51268 3.5341 -1.6612 curveto
3.29945 -1.51462 2.61949 -1.221 2.13692 -1.86249 curveto
1.67271 -1.49037 0.96063 -1.60681 0.13873 -2.17436 curveto
0.15549 -2.29776 0.08838 -2.46684 -0.05821 -2.37 curveto
0.02116 -2.28268 -0.04102 -2.26175 -0.06909 -2.36205 curveto
-0.10355 -2.33992 -0.113 -2.30037 -0.05379 -2.24846 curveto
-0.62656 -2.19704 -0.9349 -2.27742 -1.4366 -2.48933 curveto
-1.31984 -2.15143 -1.32819 -1.84953 -1.58337 -1.69035 curveto
-1.6641 -1.64001 -1.73074 -1.84578 -1.78049 -1.7728 curveto
-1.71718 -1.6785 -1.76244 -1.71565 -1.79982 -1.76498 curveto
-1.94182 -1.6425 -1.76291 -1.5674 -1.711 -1.56381 curveto
-1.62627 -1.33504 -2.15187 -0.7679 -2.74382 -0.46614 curveto
-2.87737 -0.19429 -3.00243 0.25714 -3.83975 0.39124 curveto
-3.89635 0.80063 -4.16273 1.32013 -4.74852 1.2852 curveto
-4.48758 1.39342 -4.1023 1.58824 -3.8142 1.57457 curveto
-3.4719 1.6496 -3.11124 1.69249 -2.67665 1.45427 curveto
-2.01837 1.09338 -1.82274 0.8579 -1.77362 0.75258 curveto
-1.70038 0.59555 -1.58331 0.72784 -1.65326 0.87254 curveto
-1.44762 0.77048 -1.72668 0.68816 -1.47984 0.5124 curveto
-1.23083 0.25928 -1.1889 0.09479 -1.04184 -0.18027 curveto
-0.79915 -0.30907 -0.59808 -0.44325 -0.4292 -0.55539 curveto
-0.24503 -0.53262 -0.10583 -0.489 0.06996 -0.5531 curveto
0.2025 -0.39725 0.30502 -0.26233 0.36134 -0.14168 curveto
0.50702 -0.13496 0.58307 -0.49844 0.58272 -0.50136 curveto
0.8221 -0.54794 lineto
0.8221 -0.54794 0.9198 -0.34297 1.00557 -0.30879 curveto
1.11253 -0.43929 1.16838 -0.6289 1.10875 -0.8611 curveto
1.3349 -0.85828 1.45645 -0.99208 1.76025 -0.75249 curveto
1.87062 -0.66547 2.17345 -0.5147 2.53505 -0.41478 curveto
2.71797 -0.36424 2.55827 -0.15709 2.79546 -0.20114 curveto
2.74632 -0.20555 2.7052 -0.23218 2.69289 -0.30269 curveto
2.67972 -0.37816 2.69101 -0.41626 2.7683 -0.40305 curveto
3.148 -0.37477 3.76033 -0.49403 4.16368 -0.825 curveto
4.21036 -0.84863 4.5746 -1.04608 4.74852 -1.2852 curveto closepath fill
showpage
%%EOF
