%!PS
%%BoundingBox: -68 -98 83 106 
%%HiResBoundingBox: -67.88705 -97.44252 82.04251 105.68251 
%%Creator: MetaPost 1.999
%%CreationDate: 2021.08.16:1551
%%Pages: 1
%%BeginProlog
%%EndProlog
%%Page: 1 1
 0 0.24501 dtransform truncate idtransform setlinewidth pop [] 0 setdash
 1 setlinecap 1 setlinejoin 10 setmiterlimit
newpath 75.62 -65.59 moveto
75.62 -65.59 70.2 -83.31 64.63 -79.52 curveto
59.04 -75.72 42.48 -67.42 37.81 -58.8 curveto
33.11 -50.15 33.1 -44.59 28.43 -39.73 curveto
23.75 -34.87 25.01 -33.26 17.99 -31.98 curveto
10.97 -30.69 7.92 -36.78 -0.36 -29.55 curveto
-8.63 -22.33 -11.53 -18.78 -15.48 -13.24 curveto
-19.46 -7.65 -28.43 -0.49 -25.02 4.01 curveto
-21.59 8.53 -16.56 18.05 -18.71 22.54 curveto
-20.88 27.06 -25.74 47.93 -26.64 49.01 curveto
-27.54 50.09 -29.16 45.76 -31.5 52.42 curveto
-33.84 59.07 -35.28 64.83 -35.28 66.64 curveto
-35.28 68.44 -37.45 79.79 -38.71 83.57 curveto
-39.97 87.35 -45.18 91.29 -40.15 91.84 curveto
-35.12 92.39 -33.86 95.27 -31.34 90.95 curveto
-28.81 86.63 -25.39 78.35 -20.7 81.05 curveto
-16.02 83.74 -16.38 85.18 -10.8 83.75 curveto
-5.22 82.31 -0.54 81.41 2.16 82.49 curveto
4.86 83.57 5.03 77.07 8.99 78.87 curveto
12.96 80.67 21.42 83.2 21.42 87.16 curveto
21.42 91.13 22.13 100.12 25.02 100.85 curveto
27.91 101.59 31.52 102.31 32.24 102.85 curveto
32.96 103.4 33.5 104.48 33.5 104.48 curveto stroke
newpath 30.44 105.56 moveto
30.44 105.56 28.28 104.65 25.2 104.1 curveto
22.13 103.55 19.79 104.09 19.25 100.12 curveto
18.71 96.17 20.52 87.16 17.1 85.72 curveto
13.67 84.28 9.17 79.95 7.2 83.02 curveto
5.22 86.09 3.79 88.43 1.81 87.17 curveto
-0.18 85.91 -0.9 83.03 -4.5 85.01 curveto
-8.1 86.99 -13.68 90.94 -16.56 89.14 curveto
-19.44 87.34 -19.26 82.13 -22.68 86.81 curveto
-26.11 91.5 -26.84 96.18 -29.9 97.62 curveto
-32.96 99.06 -46.61 102.62 -50.57 98.13 curveto
-54.53 93.64 -53.09 94.9 -51.3 88.97 curveto
-49.51 83.03 -42.67 67.18 -40.86 61.05 curveto
-39.06 54.94 -39.42 54.94 -35.46 45.58 curveto
-31.5 36.25 -24.47 22.9 -26.1 19.12 curveto
-27.71 15.36 -24.66 8.51 -31.86 8.53 curveto
-39.05 8.56 -59.03 15.42 -63.55 9.45 curveto
-68.04 3.52 -69.14 4.98 -65.89 -2.02 curveto
-62.66 -8.97 -60.88 -14.76 -59.59 -21.6 curveto
-58.36 -28.09 -55.13 -41.43 -55.13 -41.43 curveto
-53.77 -44.37 lineto stroke
newpath -44.76 -43.29 moveto
-44.76 -43.29 -47.18 -21.64 -49.32 -18.35 curveto
-51.51 -14.99 -59.05 -1.5 -53.65 -1.29 curveto
-48.24 -1.07 -34.57 2.59 -30.96 -1.19 curveto
-27.37 -4.94 -21.44 -12.71 -19.26 -18.28 curveto
-17.11 -23.77 -7.38 -42.82 -10.44 -43.11 curveto
-13.49 -43.39 -15.28 -50.77 -15.28 -50.77 curveto stroke
newpath -9.35 -54.45 moveto
-9.35 -54.45 -8.26 -47.26 -1.8 -44.39 curveto
4.7 -41.5 17.99 -34.68 19.97 -37.2 curveto
21.95 -39.72 24.28 -40.99 26.45 -46.04 curveto
28.61 -51.06 29.16 -59.88 32.05 -62.59 curveto
34.92 -65.28 52.92 -79.67 55.26 -82.02 curveto
57.6 -84.38 63 -85.29 62.46 -88.35 curveto
61.92 -91.4 58.68 -95.16 58.68 -95.16 curveto stroke
newpath 65.7 -97.32 moveto
65.7 -97.32 79.76 -75.15 80.12 -73.17 curveto
80.48 -71.18 81.92 -67.21 81.92 -67.21 curveto stroke
showpage
%%EOF
