%!PS
%%BoundingBox: -167 -47 173 30 
%%HiResBoundingBox: -166.405 -46.54805 172.25565 29.25792 
%%Creator: MetaPost 1.999
%%CreationDate: 2021.08.16:1551
%%Pages: 1
%%BeginProlog
%%EndProlog
%%Page: 1 1
 0 0 0 1 setcmykcolor 0 0.7 dtransform truncate idtransform setlinewidth pop
 [] 0 setdash 1 setlinecap 1 setlinejoin 10 setmiterlimit
newpath 6.66 -19.65 moveto
7.93 -20.18 7.87 -21.39 10.65 -21.27 curveto
13.44 -21.15 12.31 -20.22 15.23 -20.91 curveto
18.15 -21.6 21.27 -22.29 23.93 -22.85 curveto
26.58 -23.4 26.65 -22.54 29.31 -23.23 curveto
31.96 -23.92 31.96 -23.58 35.95 -24.15 curveto
39.93 -24.72 40.47 -24.46 43.39 -25.01 curveto
46.31 -25.57 48.44 -25.92 51.16 -26.48 curveto
53.88 -27.03 56.09 -27.23 58.23 -28.85 curveto
60.37 -30.47 65.14 -33.34 67.49 -34.07 curveto
69.84 -34.8 73.28 -36.88 74.7 -37.91 curveto
76.12 -38.94 78.56 -41.32 80.22 -43.03 curveto
81.89 -44.74 85.24 -46.68 87.62 -46.09 curveto
90.02 -45.49 93.68 -42.97 96.64 -42.24 curveto
99.61 -41.51 100.92 -40.82 103.81 -39.69 curveto
106.7 -38.57 109.43 -36.71 113.06 -35.64 curveto
116.68 -34.57 123.65 -32.03 125.66 -31.06 curveto
127.67 -30.08 130.3 -29.99 130.79 -28.49 curveto
131.27 -27 131.4 -26.79 130.95 -25.47 curveto
130.5 -24.14 129.95 -23.83 131.92 -22.95 curveto
133.88 -22.06 134.83 -22.43 137.13 -20.75 curveto
139.39 -19.11 142.25 -16.72 145.03 -15.71 curveto
147.9 -14.67 150.29 -13.67 153.3 -12.17 curveto
156.35 -10.65 163.47 -6.54 166.21 -5.14 curveto
168.97 -3.72 170.86 -3.75 171.25 -1.64 curveto
171.64 0.47 172.35 1.86 171.52 2.36 curveto
170.69 2.84 170.62 3.88 170.62 3.88 curveto stroke
newpath -107.79 10.05 moveto
-107.79 10.05 -104.96 9.61 -102.66 9.87 curveto
-100.37 10.14 -99.78 10.89 -97.43 10.8 curveto
-95.07 10.72 -95.71 10.23 -92.48 10.95 curveto
-89.22 11.68 -91.34 11.46 -90.14 11.43 curveto
-88.95 11.41 -85.87 11.89 -85.98 13.63 curveto
-86.09 15.4 -86.71 17.48 -86.71 18.63 curveto
-86.72 19.78 -86.29 19.07 -85.71 19.99 curveto
-85.14 20.89 -84.59 21.64 -85.2 22.11 curveto
-85.8 22.58 -88.43 23.46 -87.02 23.58 curveto
-85.63 23.7 -82.89 23.36 -82.01 22.27 curveto
-81.13 21.16 -79.93 17.13 -79.1 15.21 curveto
-78.27 13.3 -76.41 8.71 -74.91 7.46 curveto
-73.39 6.2 -72.09 4.65 -70.7 3.18 curveto
-69.32 1.72 -68.78 -0.16 -67.81 -1.7 curveto
-66.85 -3.24 -66.64 -3.72 -65.47 -4.84 curveto
-64.29 -5.96 -62.63 -8 -61.72 -7.79 curveto
-60.81 -7.58 -60.32 -8.22 -59.82 -5.7 curveto
-59.33 -3.16 -59.19 -3.37 -59.54 -0.98 curveto
-59.89 1.42 -61.07 6.33 -59.96 8.31 curveto
-58.87 10.26 -57.79 11.7 -54.27 12.9 curveto
-50.74 14.1 -47.84 15.09 -45.15 15.68 curveto
-42.46 16.27 -41.63 16.67 -39.62 17.2 curveto
-37.61 17.72 -37.06 17.72 -37.05 19.17 curveto
-37.05 20.63 -38.29 22.76 -36.93 23.61 curveto
-35.62 24.42 -34.81 24.02 -32.39 23.85 curveto
-29.95 23.69 -28.15 23.14 -25.84 23.35 curveto
-23.46 23.56 -21.55 23.89 -19.35 24.94 curveto
-17.14 25.99 -15.67 26.22 -13.92 25.96 curveto
-12.14 25.7 -10.77 25.68 -10.09 24 curveto
-9.4 22.33 -8.91 19.38 -8.15 17.43 curveto
-7.4 15.49 -5.89 10.94 -4.39 8.66 curveto
-2.89 6.39 -2.54 5.32 -1.66 2.98 curveto
-0.78 0.63 0.56 -0.73 1.06 -3.14 curveto
1.55 -5.56 1.76 -6.04 2.6 -8.65 curveto stroke
newpath 167.88 3.54 moveto
167.88 3.54 168.49 2.67 168.05 1.72 curveto
167.6 0.77 168.04 0.35 165.84 0.37 curveto
163.67 0.38 160.96 0.59 158.72 0.6 curveto
156.49 0.61 151.29 0.63 149.2 0.64 curveto
147.1 0.64 145.28 0.99 142.45 1.06 curveto
139.61 1.14 138.13 1.08 135.42 0.95 curveto
132.71 0.83 131.33 1.75 129.02 0.67 curveto
126.7 -0.42 124.48 -0.13 123.7 -2.81 curveto
122.91 -5.51 122.91 -7.18 123.08 -9.9 curveto
123.25 -12.6 124.75 -14.97 123.1 -16.47 curveto
121.51 -17.93 116.99 -19.59 114.76 -20.56 curveto
112.53 -21.54 103.92 -24.71 100.52 -26.19 curveto
97.13 -27.67 92.93 -29.19 91.4 -29.43 curveto
89.89 -29.67 87.84 -30.49 86.05 -29.08 curveto
84.25 -27.66 81.55 -26.58 79.85 -25 curveto
78.13 -23.41 76.33 -23.34 74.14 -21.86 curveto
71.94 -20.38 68.62 -18.55 66.79 -17.25 curveto
64.96 -15.94 63.58 -15.32 62.41 -14.11 curveto
61.24 -12.89 59.63 -10.41 59.63 -10.41 curveto stroke
newpath 56.65 -10.02 moveto
56.65 -10.02 58.53 -12.71 57.45 -13.41 curveto
56.38 -14.12 53.16 -14.26 51.01 -14.29 curveto
48.87 -14.33 45.7 -15.11 43.16 -15.22 curveto
40.63 -15.34 39.9 -15.26 37.1 -15.57 curveto
34.3 -15.88 30.18 -15.92 28.05 -16.03 curveto
25.92 -16.14 22.13 -15.91 19.47 -16.35 curveto
16.8 -16.8 14.74 -16.91 12.82 -16.89 curveto
10.9 -16.86 9.55 -18.06 9.65 -16.13 curveto stroke
newpath 5.55 -6.02 moveto
4.92 -4.71 3.85 0.12 2.67 1.81 curveto
1.5 3.47 0.8 7.3 -0.56 9.37 curveto
-1.93 11.44 -2.75 13.99 -3.71 16.33 curveto
-4.67 18.67 -5.17 21.89 -6.39 23.62 curveto
-7.61 25.36 -7.71 27.86 -9.55 28.09 curveto
-11.4 28.32 -13.67 29.44 -15.38 28.6 curveto
-17.1 27.75 -16.69 27.03 -18.94 26.82 curveto
-21.19 26.61 -24.49 26.58 -27.14 26.59 curveto
-29.72 26.61 -30.45 27.63 -33.22 27.52 curveto
-35.99 27.42 -39.25 28.22 -40.02 26.44 curveto
-40.78 24.66 -39.26 22.35 -40.09 21.12 curveto
-40.9 19.89 -44.98 18.57 -48.29 17.51 curveto
-51.61 16.45 -54.58 15.38 -57.49 14.11 curveto
-60.39 12.84 -62.75 13.5 -63.53 11.14 curveto
-64.32 8.74 -64.94 9.03 -64.45 7.04 curveto
-63.97 5.07 -62.7 2.19 -62.77 0.5 curveto
-62.84 -1.19 -63.17 -2.62 -64.68 -1.37 curveto
-66.2 -0.11 -67.24 0.17 -67.23 1.91 curveto
-67.22 3.65 -67.29 4 -68.6 5.61 curveto
-69.92 7.21 -72.2 9.87 -73.53 12.43 curveto
-74.84 14.96 -75.27 17.77 -76.72 19.41 curveto
-78.17 21.05 -79.71 23.78 -80.47 24.6 curveto
-81.22 25.4 -81.76 24.85 -83.9 24.9 curveto
-86.04 24.94 -86.58 25.46 -87.78 25.8 curveto
-89 26.14 -90.31 26.76 -90.85 25.52 curveto
-91.4 24.27 -91.59 22.15 -90.67 19.89 curveto
-89.76 17.62 -87.41 16.48 -89.1 15.57 curveto
-90.79 14.67 -91 14.19 -93.92 14.01 curveto
-96.84 13.84 -98.43 13.96 -100.38 13.68 curveto
-102.33 13.4 -103.79 13.31 -104.9 13.35 curveto
-106.01 13.39 -107.33 13.43 -107.33 13.43 curveto stroke
 0 0.35 dtransform truncate idtransform setlinewidth pop
 [1.5 1.5 ] 0 setdash
newpath -108.64 13.54 moveto
-108.64 13.54 -113.99 13.28 -115.51 13.31 curveto
-117.03 13.34 -119.27 12.56 -121.91 12.04 curveto
-124.55 11.52 -130.53 9.63 -131.94 7.97 curveto
-133.36 6.32 -135.67 0.92 -136.67 -1.3 curveto
-137.67 -3.52 -135.8 -6.88 -137.18 -7.43 curveto
-138.56 -7.97 -140.34 -7.4 -141.44 -8.08 curveto stroke
newpath -148.12 -16.09 moveto
-148.12 -16.09 -136.8 -10.08 -135.98 -9.95 curveto
-135.15 -9.82 -133.61 -7.19 -134 -6.06 curveto
-134.4 -4.94 -135.34 -3.54 -133.95 -2.72 curveto
-132.56 -1.89 -130.35 -1.08 -130.04 1.01 curveto
-129.72 3.09 -129.4 5.18 -127.02 6.68 curveto
-124.64 8.19 -122.45 7.89 -118.69 8.94 curveto
-114.93 9.98 -107.79 10.05 -107.79 10.05 curveto stroke
newpath -141.44 -8.08 moveto
-141.44 -8.08 -155 -17.98 -157.33 -17.55 curveto
-159.66 -17.11 -160.76 -17.1 -161.47 -20.15 curveto
-162.18 -23.2 -166.23 -33.16 -166.23 -33.16 curveto stroke
newpath -153.18 -33.42 moveto
-153.18 -33.42 -157.78 -21.85 -156.67 -20.47 curveto
-155.56 -19.09 -148.12 -16.09 -148.12 -16.09 curveto stroke
 0 0.24501 dtransform truncate idtransform setlinewidth pop [] 0 setdash
newpath -150.98996 -27.93996 moveto
-145.38994 -27.93996 lineto
-145.38994 -22.33994 lineto
-150.98996 -22.33994 lineto
 closepath stroke
 0 0.35 dtransform truncate idtransform setlinewidth pop
newpath -149.58998 -23.74002 moveto
-149.8177 -24.58997 -149.03995 -25.36772 -148.19 -25.14 curveto
-147.84836 -25.04846 -147.5815 -24.7816 -147.48996 -24.43996 curveto
-147.48996 -27.93996 lineto stroke
 0 1.25995 dtransform truncate idtransform setlinewidth pop
newpath -149.58998 -23.74002 moveto 0 0 rlineto stroke
newpath -147.48996 -24.43996 moveto 0 0 rlineto stroke
 0.83 0.54 0 0 setcmykcolor 0 0.35 dtransform truncate idtransform setlinewidth pop
newpath -98.11551 23.01894 moveto
-98.10133 22.43944 -97.11827 22.26396 -97.2416 21.63991 curveto
-97.4016 20.83018 -99.10619 21.53906 -99.10529 20.54399 curveto
-99.10431 19.4641 -97.36028 20.31541 -97.12024 19.54224 curveto
-96.8509 18.6746 -98.2371 18.70921 -98.55565 18.10677 curveto
-98.94353 17.37315 -97.96269 16.76593 -97.94449 16.02107 curveto stroke
newpath -99.01633 18.26929 moveto
-99.1664 18.09322 -99.28877 17.91127 -99.30731 17.71411 curveto
-99.3849 16.88791 -98.24637 16.70226 -97.94449 16.02107 curveto
-97.67627 16.7162 -98.35004 17.65256 -97.71094 18.18187 curveto
-97.55844 18.30817 -97.34325 18.3503 -97.11261 18.36867 curveto
 closepath stroke
newpath -99.01633 18.26929 moveto
-99.1664 18.09322 -99.28877 17.91127 -99.30731 17.71411 curveto
-99.3849 16.88791 -98.24637 16.70226 -97.94449 16.02107 curveto
-97.67627 16.7162 -98.35004 17.65256 -97.71094 18.18187 curveto
-97.55844 18.30817 -97.34325 18.3503 -97.11261 18.36867 curveto
 closepath fill
 0 0 0 1 setcmykcolor
newpath 56.87996 -3.87003 moveto
56.87996 -2.93663 58.28004 -2.93663 58.28004 -3.87003 curveto
58.28004 -4.5216 57.58 -4.96844 57.58 -5.62003 curveto stroke
 0 0.84 dtransform truncate idtransform setlinewidth pop
newpath 57.58 -6.66998 moveto 0 0 rlineto stroke
 0.83 0.54 0 0 setcmykcolor 0 0.35 dtransform truncate idtransform setlinewidth pop
newpath 59.34987 -12.03178 moveto
59.41449 -12.60785 60.40913 -12.69699 60.34065 -13.32942 curveto
60.25183 -14.15001 58.49193 -13.59238 58.57954 -14.5836 curveto
58.67465 -15.65933 60.33788 -14.65923 60.64438 -15.40855 curveto
60.9883 -16.2494 59.60434 -16.33575 59.33952 -16.96368 curveto
59.01706 -17.7283 60.04709 -18.24776 60.13014 -18.9882 curveto stroke
newpath 58.86644 -16.84193 moveto
58.73228 -17.03041 58.6262 -17.22234 58.62494 -17.42035 curveto
58.61964 -18.25018 59.77003 -18.3359 60.13014 -18.9882 curveto
60.33678 -18.27234 59.58395 -17.39824 60.17448 -16.81525 curveto
60.3154 -16.67613 60.52611 -16.6154 60.75426 -16.577 curveto
 closepath stroke
newpath 58.86644 -16.84193 moveto
58.73228 -17.03041 58.6262 -17.22234 58.62494 -17.42035 curveto
58.61964 -18.25018 59.77003 -18.3359 60.13014 -18.9882 curveto
60.33678 -18.27234 59.58395 -17.39824 60.17448 -16.81525 curveto
60.3154 -16.67613 60.52611 -16.6154 60.75426 -16.577 curveto
 closepath fill
 0 0 0 1 setcmykcolor
newpath 148.43994 4.52 moveto
147.78433 4.52 147.19159 4.9481 147.18 5.56996 curveto
147.16714 6.25862 147.85538 6.73685 148.57997 6.62003 curveto
149.52385 6.46785 150.08405 5.50937 149.97995 4.52 curveto
149.87775 3.54872 149.18394 2.73329 148.22995 2.56001 curveto
146.49387 2.24467 145.31076 3.9579 144.38004 5.56996 curveto stroke
newpath 156.33995 5.3 moveto
155.68434 5.3 155.0916 5.7281 155.08 6.34996 curveto
155.06715 7.03862 155.75539 7.51685 156.47998 7.40002 curveto
157.42386 7.24785 157.98405 6.28937 157.87996 5.3 curveto
157.77776 4.32872 157.08395 3.51329 156.12996 3.34001 curveto
154.39388 3.02467 153.21077 4.7379 152.28004 6.34996 curveto stroke
newpath 152.47995 -18.55 moveto
151.82434 -18.55 151.2316 -18.1219 151.22 -17.50005 curveto
151.20715 -16.81139 151.89539 -16.33316 152.61998 -16.44998 curveto
153.56386 -16.60216 154.12405 -17.56064 154.01996 -18.55 curveto
153.91776 -19.52129 153.22395 -20.33672 152.26996 -20.51 curveto
150.53387 -20.82533 149.35077 -19.1121 148.42004 -17.50005 curveto stroke
newpath 120.14995 -5.07 moveto
119.49434 -5.07 118.9016 -4.6419 118.89 -4.02005 curveto
118.87715 -3.33139 119.56538 -2.85316 120.28998 -2.96999 curveto
121.23386 -3.12216 121.79405 -4.08064 121.68996 -5.07 curveto
121.58775 -6.04129 120.89395 -6.85672 119.93996 -7.03 curveto
118.20387 -7.34534 117.02077 -5.63211 116.09004 -4.02005 curveto stroke
newpath 120.15994 -12.26 moveto
119.50433 -12.26 118.91159 -11.8319 118.9 -11.21004 curveto
118.88715 -10.52138 119.57538 -10.04315 120.29997 -10.15997 curveto
121.24385 -10.31215 121.80405 -11.27063 121.69995 -12.26 curveto
121.59775 -13.23128 120.90395 -14.0467 119.94995 -14.21999 curveto
118.21387 -14.53532 117.03076 -12.8221 116.10004 -11.21004 curveto stroke
 1 0.6 0.2 setrgbcolor 0 0.24501 dtransform truncate idtransform setlinewidth pop
newpath 132.38002 -2.85 moveto
132.2478 -2.67377 132.04033 -2.57005 131.82 -2.57005 curveto
131.59969 -2.57005 131.39221 -2.67377 131.26 -2.85 curveto stroke
newpath 132.94003 -1.1 moveto
132.67563 -0.74747 132.26068 -0.54 131.82 -0.54 curveto
131.37933 -0.54 130.96439 -0.74747 130.69998 -1.1 curveto stroke
newpath 131.24445 -2.85506 moveto
131.03389 -2.79019 130.80507 -2.82823 130.62683 -2.95773 curveto
130.4486 -3.08723 130.34169 -3.29309 130.33832 -3.51338 curveto stroke
newpath 130.66888 -1.11009 moveto
130.24776 -0.9803 129.79012 -1.05635 129.4336 -1.31537 curveto
129.07707 -1.57439 128.86333 -1.98613 128.85663 -2.42677 curveto stroke
newpath 130.32872 -3.52663 moveto
130.12025 -3.5979 129.9575 -3.76317 129.88942 -3.9727 curveto
129.82133 -4.18224 129.85585 -4.41162 129.98262 -4.59181 curveto stroke
newpath 128.83745 -2.45323 moveto
128.42046 -2.59575 128.09492 -2.92628 127.95874 -3.34538 curveto
127.82256 -3.76448 127.89165 -4.22322 128.14522 -4.58363 curveto stroke
newpath 129.98262 -4.6082 moveto
129.85585 -4.78839 129.82133 -5.01778 129.88942 -5.22731 curveto
129.9575 -5.43684 130.12025 -5.60211 130.32872 -5.67339 curveto stroke
newpath 128.14522 -4.61638 moveto
127.89165 -4.97679 127.82256 -5.43553 127.95874 -5.85463 curveto
128.09492 -6.27373 128.42046 -6.60426 128.83745 -6.74678 curveto stroke
newpath 130.33832 -5.68663 moveto
130.34169 -5.90692 130.4486 -6.11278 130.62683 -6.24228 curveto
130.80507 -6.37178 131.03389 -6.40982 131.24445 -6.34496 curveto stroke
newpath 128.85663 -6.77324 moveto
128.86333 -7.21388 129.07707 -7.62563 129.4336 -7.88464 curveto
129.79012 -8.14366 130.24776 -8.21971 130.66888 -8.08992 curveto stroke
newpath 131.26 -6.35 moveto
131.39221 -6.52625 131.59969 -6.62996 131.82 -6.62996 curveto
132.04033 -6.62996 132.2478 -6.52625 132.38002 -6.35 curveto stroke
newpath 130.69998 -8.1 moveto
130.96439 -8.45255 131.37933 -8.66002 131.82 -8.66002 curveto
132.26068 -8.66002 132.67563 -8.45255 132.94003 -8.1 curveto stroke
newpath 132.39557 -6.34496 moveto
132.60612 -6.40982 132.83495 -6.37178 133.01318 -6.24228 curveto
133.19142 -6.11278 133.29832 -5.90692 133.3017 -5.68663 curveto stroke
newpath 132.97113 -8.08992 moveto
133.39226 -8.21971 133.8499 -8.14366 134.20642 -7.88464 curveto
134.56294 -7.62563 134.77669 -7.21388 134.78339 -6.77324 curveto stroke
newpath 133.3113 -5.67339 moveto
133.51976 -5.60211 133.68251 -5.43684 133.7506 -5.22731 curveto
133.81868 -5.01778 133.78416 -4.78839 133.6574 -4.6082 curveto stroke
newpath 134.80257 -6.74678 moveto
135.21956 -6.60426 135.54509 -6.27373 135.68127 -5.85463 curveto
135.81746 -5.43553 135.74837 -4.97679 135.4948 -4.61638 curveto stroke
newpath 133.6574 -4.59181 moveto
133.78416 -4.41162 133.81868 -4.18224 133.7506 -3.9727 curveto
133.68251 -3.76317 133.51976 -3.5979 133.3113 -3.52663 curveto stroke
newpath 135.4948 -4.58363 moveto
135.74837 -4.22322 135.81746 -3.76448 135.68127 -3.34538 curveto
135.54509 -2.92628 135.21956 -2.59575 134.80257 -2.45323 curveto stroke
newpath 133.3017 -3.51338 moveto
133.29832 -3.29309 133.19142 -3.08723 133.01318 -2.95773 curveto
132.83495 -2.82823 132.60612 -2.79019 132.39557 -2.85506 curveto stroke
newpath 134.78339 -2.42677 moveto
134.77669 -1.98613 134.56294 -1.57439 134.20642 -1.31537 curveto
133.8499 -1.05635 133.39226 -0.9803 132.97113 -1.11009 curveto stroke
newpath 132.34499 -4.6 moveto
132.34499 -4.46077 132.28966 -4.32724 132.19122 -4.22879 curveto
132.09277 -4.13036 131.95924 -4.07503 131.82 -4.07503 curveto
131.68077 -4.07503 131.54724 -4.13036 131.44879 -4.22879 curveto
131.35036 -4.32724 131.29503 -4.46077 131.29503 -4.6 curveto
131.29503 -4.73924 131.35036 -4.87277 131.44879 -4.97122 curveto
131.54724 -5.06966 131.68077 -5.12498 131.82 -5.12498 curveto
131.95924 -5.12498 132.09277 -5.06966 132.19122 -4.97122 curveto
132.28966 -4.87277 132.34499 -4.73924 132.34499 -4.6 curveto closepath stroke
 0 0 0 1 setcmykcolor
newpath -109.70996 2.42004 moveto
-104.10994 2.42004 lineto
-104.10994 8.02007 lineto
-109.70996 8.02007 lineto
 closepath stroke
 0 0.35 dtransform truncate idtransform setlinewidth pop
newpath -108.66 5.57002 moveto
-108.25986 4.99959 -107.6068 4.65999 -106.91 4.65999 curveto
-106.21321 4.65999 -105.56015 4.99959 -105.16 5.57002 curveto stroke
 0 1.25995 dtransform truncate idtransform setlinewidth pop
newpath -108.66 5.57002 moveto 0 0 rlineto stroke
newpath -105.16 5.57002 moveto 0 0 rlineto stroke
-1 THsetalpha
 0 0 0.2 0 setcmykcolor
newpath 171.115 -1.37 moveto
171.115 -1.13792 171.0228 -0.91537 170.85872 -0.75128 curveto
170.69463 -0.5872 170.47208 -0.495 170.24 -0.495 curveto
170.00793 -0.495 169.78539 -0.5872 169.62129 -0.75128 curveto
169.45721 -0.91537 169.365 -1.13792 169.365 -1.37 curveto
169.365 -1.60207 169.45721 -1.82462 169.62129 -1.98871 curveto
169.78539 -2.15279 170.00793 -2.245 170.24 -2.245 curveto
170.47208 -2.245 170.69463 -2.15279 170.85872 -1.98871 curveto
171.0228 -1.82462 171.115 -1.60207 171.115 -1.37 curveto closepath fill
 0.1 0.88333 0 0.4 setcmykcolor 0 0.35
 dtransform truncate idtransform setlinewidth pop
newpath 171.115 -1.37 moveto
171.115 -1.13792 171.0228 -0.91537 170.85872 -0.75128 curveto
170.69463 -0.5872 170.47208 -0.495 170.24 -0.495 curveto
170.00793 -0.495 169.78539 -0.5872 169.62129 -0.75128 curveto
169.45721 -0.91537 169.365 -1.13792 169.365 -1.37 curveto
169.365 -1.60207 169.45721 -1.82462 169.62129 -1.98871 curveto
169.78539 -2.15279 170.00793 -2.245 170.24 -2.245 curveto
170.47208 -2.245 170.69463 -2.15279 170.85872 -1.98871 curveto
171.0228 -1.82462 171.115 -1.60207 171.115 -1.37 curveto closepath stroke
-1 THsetalpha
 0 0 0.2 0 setcmykcolor
newpath 126.675 -2.82 moveto
126.675 -2.58794 126.5828 -2.36539 126.41872 -2.2013 curveto
126.25462 -2.03722 126.03207 -1.945 125.8 -1.945 curveto
125.56793 -1.945 125.34538 -2.03722 125.18129 -2.2013 curveto
125.01721 -2.36539 124.925 -2.58794 124.925 -2.82 curveto
124.925 -3.05208 125.01721 -3.27463 125.18129 -3.43872 curveto
125.34538 -3.6028 125.56793 -3.695 125.8 -3.695 curveto
126.03207 -3.695 126.25462 -3.6028 126.41872 -3.43872 curveto
126.5828 -3.27463 126.675 -3.05208 126.675 -2.82 curveto closepath fill
 0.1 0.88333 0 0.4 setcmykcolor
newpath 126.675 -2.82 moveto
126.675 -2.58794 126.5828 -2.36539 126.41872 -2.2013 curveto
126.25462 -2.03722 126.03207 -1.945 125.8 -1.945 curveto
125.56793 -1.945 125.34538 -2.03722 125.18129 -2.2013 curveto
125.01721 -2.36539 124.925 -2.58794 124.925 -2.82 curveto
124.925 -3.05208 125.01721 -3.27463 125.18129 -3.43872 curveto
125.34538 -3.6028 125.56793 -3.695 125.8 -3.695 curveto
126.03207 -3.695 126.25462 -3.6028 126.41872 -3.43872 curveto
126.5828 -3.27463 126.675 -3.05208 126.675 -2.82 curveto closepath stroke
-1 THsetalpha
 0 0 0.2 0 setcmykcolor
newpath 127.035 -19.36 moveto
127.035 -19.12793 126.9428 -18.90538 126.77872 -18.74129 curveto
126.61462 -18.57721 126.39207 -18.485 126.16 -18.485 curveto
125.92793 -18.485 125.70538 -18.57721 125.54129 -18.74129 curveto
125.37721 -18.90538 125.285 -19.12793 125.285 -19.36 curveto
125.285 -19.59207 125.37721 -19.81462 125.54129 -19.97871 curveto
125.70538 -20.14279 125.92793 -20.235 126.16 -20.235 curveto
126.39207 -20.235 126.61462 -20.14279 126.77872 -19.97871 curveto
126.9428 -19.81462 127.035 -19.59207 127.035 -19.36 curveto closepath fill
 0.1 0.88333 0 0.4 setcmykcolor
newpath 127.035 -19.36 moveto
127.035 -19.12793 126.9428 -18.90538 126.77872 -18.74129 curveto
126.61462 -18.57721 126.39207 -18.485 126.16 -18.485 curveto
125.92793 -18.485 125.70538 -18.57721 125.54129 -18.74129 curveto
125.37721 -18.90538 125.285 -19.12793 125.285 -19.36 curveto
125.285 -19.59207 125.37721 -19.81462 125.54129 -19.97871 curveto
125.70538 -20.14279 125.92793 -20.235 126.16 -20.235 curveto
126.39207 -20.235 126.61462 -20.14279 126.77872 -19.97871 curveto
126.9428 -19.81462 127.035 -19.59207 127.035 -19.36 curveto closepath stroke
-1 THsetalpha
 0 0 0.2 0 setcmykcolor
newpath 88.505 -44.83 moveto
88.505 -44.59793 88.4128 -44.37538 88.24872 -44.21129 curveto
88.08463 -44.04721 87.86208 -43.955 87.63 -43.955 curveto
87.39793 -43.955 87.17538 -44.04721 87.01129 -44.21129 curveto
86.84721 -44.37538 86.755 -44.59793 86.755 -44.83 curveto
86.755 -45.06207 86.84721 -45.28462 87.01129 -45.44872 curveto
87.17538 -45.6128 87.39793 -45.705 87.63 -45.705 curveto
87.86208 -45.705 88.08463 -45.6128 88.24872 -45.44872 curveto
88.4128 -45.28462 88.505 -45.06207 88.505 -44.83 curveto closepath fill
 0.1 0.88333 0 0.4 setcmykcolor
newpath 88.505 -44.83 moveto
88.505 -44.59793 88.4128 -44.37538 88.24872 -44.21129 curveto
88.08463 -44.04721 87.86208 -43.955 87.63 -43.955 curveto
87.39793 -43.955 87.17538 -44.04721 87.01129 -44.21129 curveto
86.84721 -44.37538 86.755 -44.59793 86.755 -44.83 curveto
86.755 -45.06207 86.84721 -45.28462 87.01129 -45.44872 curveto
87.17538 -45.6128 87.39793 -45.705 87.63 -45.705 curveto
87.86208 -45.705 88.08463 -45.6128 88.24872 -45.44872 curveto
88.4128 -45.28462 88.505 -45.06207 88.505 -44.83 curveto closepath stroke
-1 THsetalpha
 0 0 0.2 0 setcmykcolor
newpath 59.545 -26.88 moveto
59.545 -26.64793 59.45279 -26.42538 59.28871 -26.26129 curveto
59.12462 -26.09721 58.90207 -26.005 58.67 -26.005 curveto
58.43793 -26.005 58.21538 -26.09721 58.05128 -26.26129 curveto
57.8872 -26.42538 57.795 -26.64793 57.795 -26.88 curveto
57.795 -27.11208 57.8872 -27.33463 58.05128 -27.49872 curveto
58.21538 -27.6628 58.43793 -27.755 58.67 -27.755 curveto
58.90207 -27.755 59.12462 -27.6628 59.28871 -27.49872 curveto
59.45279 -27.33463 59.545 -27.11208 59.545 -26.88 curveto closepath fill
 0.1 0.88333 0 0.4 setcmykcolor
newpath 59.545 -26.88 moveto
59.545 -26.64793 59.45279 -26.42538 59.28871 -26.26129 curveto
59.12462 -26.09721 58.90207 -26.005 58.67 -26.005 curveto
58.43793 -26.005 58.21538 -26.09721 58.05128 -26.26129 curveto
57.8872 -26.42538 57.795 -26.64793 57.795 -26.88 curveto
57.795 -27.11208 57.8872 -27.33463 58.05128 -27.49872 curveto
58.21538 -27.6628 58.43793 -27.755 58.67 -27.755 curveto
58.90207 -27.755 59.12462 -27.6628 59.28871 -27.49872 curveto
59.45279 -27.33463 59.545 -27.11208 59.545 -26.88 curveto closepath stroke
-1 THsetalpha
 0 0 0.2 0 setcmykcolor
newpath 7.945 -19.18 moveto
7.945 -18.94792 7.8528 -18.72537 7.68872 -18.56128 curveto
7.52463 -18.3972 7.30208 -18.305 7.07 -18.305 curveto
6.83794 -18.305 6.61539 -18.3972 6.4513 -18.56128 curveto
6.28722 -18.72537 6.195 -18.94792 6.195 -19.18 curveto
6.195 -19.41206 6.28722 -19.63461 6.4513 -19.7987 curveto
6.61539 -19.96278 6.83794 -20.055 7.07 -20.055 curveto
7.30208 -20.055 7.52463 -19.96278 7.68872 -19.7987 curveto
7.8528 -19.63461 7.945 -19.41206 7.945 -19.18 curveto closepath fill
 0.1 0.88333 0 0.4 setcmykcolor
newpath 7.945 -19.18 moveto
7.945 -18.94792 7.8528 -18.72537 7.68872 -18.56128 curveto
7.52463 -18.3972 7.30208 -18.305 7.07 -18.305 curveto
6.83794 -18.305 6.61539 -18.3972 6.4513 -18.56128 curveto
6.28722 -18.72537 6.195 -18.94792 6.195 -19.18 curveto
6.195 -19.41206 6.28722 -19.63461 6.4513 -19.7987 curveto
6.61539 -19.96278 6.83794 -20.055 7.07 -20.055 curveto
7.30208 -20.055 7.52463 -19.96278 7.68872 -19.7987 curveto
7.8528 -19.63461 7.945 -19.41206 7.945 -19.18 curveto closepath stroke
-1 THsetalpha
 0 0 0.2 0 setcmykcolor
newpath 2.595 0.79 moveto
2.595 1.02206 2.50279 1.24461 2.33871 1.4087 curveto
2.17462 1.57278 1.95207 1.665 1.72 1.665 curveto
1.48793 1.665 1.26538 1.57278 1.10129 1.4087 curveto
0.93721 1.24461 0.845 1.02206 0.845 0.79 curveto
0.845 0.55792 0.93721 0.33537 1.10129 0.17128 curveto
1.26538 0.0072 1.48793 -0.085 1.72 -0.085 curveto
1.95207 -0.085 2.17462 0.0072 2.33871 0.17128 curveto
2.50279 0.33537 2.595 0.55792 2.595 0.79 curveto closepath fill
 0.1 0.88333 0 0.4 setcmykcolor
newpath 2.595 0.79 moveto
2.595 1.02206 2.50279 1.24461 2.33871 1.4087 curveto
2.17462 1.57278 1.95207 1.665 1.72 1.665 curveto
1.48793 1.665 1.26538 1.57278 1.10129 1.4087 curveto
0.93721 1.24461 0.845 1.02206 0.845 0.79 curveto
0.845 0.55792 0.93721 0.33537 1.10129 0.17128 curveto
1.26538 0.0072 1.48793 -0.085 1.72 -0.085 curveto
1.95207 -0.085 2.17462 0.0072 2.33871 0.17128 curveto
2.50279 0.33537 2.595 0.55792 2.595 0.79 curveto closepath stroke
-1 THsetalpha
 0 0 0.2 0 setcmykcolor
newpath -9.985 27.76 moveto
-9.985 27.99207 -10.07721 28.21461 -10.24129 28.37871 curveto
-10.40538 28.54279 -10.62793 28.635 -10.86 28.635 curveto
-11.09207 28.635 -11.31462 28.54279 -11.47871 28.37871 curveto
-11.64279 28.21461 -11.735 27.99207 -11.735 27.76 curveto
-11.735 27.52792 -11.64279 27.30537 -11.47871 27.14128 curveto
-11.31462 26.9772 -11.09207 26.885 -10.86 26.885 curveto
-10.62793 26.885 -10.40538 26.9772 -10.24129 27.14128 curveto
-10.07721 27.30537 -9.985 27.52792 -9.985 27.76 curveto closepath fill
 0.1 0.88333 0 0.4 setcmykcolor
newpath -9.985 27.76 moveto
-9.985 27.99207 -10.07721 28.21461 -10.24129 28.37871 curveto
-10.40538 28.54279 -10.62793 28.635 -10.86 28.635 curveto
-11.09207 28.635 -11.31462 28.54279 -11.47871 28.37871 curveto
-11.64279 28.21461 -11.735 27.99207 -11.735 27.76 curveto
-11.735 27.52792 -11.64279 27.30537 -11.47871 27.14128 curveto
-11.31462 26.9772 -11.09207 26.885 -10.86 26.885 curveto
-10.62793 26.885 -10.40538 26.9772 -10.24129 27.14128 curveto
-10.07721 27.30537 -9.985 27.52792 -9.985 27.76 curveto closepath stroke
-1 THsetalpha
 0 0 0.2 0 setcmykcolor
newpath -25.215 24.52 moveto
-25.215 24.75208 -25.3072 24.97462 -25.47128 25.13872 curveto
-25.63538 25.3028 -25.85793 25.395 -26.09 25.395 curveto
-26.32207 25.395 -26.54462 25.3028 -26.70871 25.13872 curveto
-26.87279 24.97462 -26.965 24.75208 -26.965 24.52 curveto
-26.965 24.28793 -26.87279 24.06538 -26.70871 23.90129 curveto
-26.54462 23.73721 -26.32207 23.645 -26.09 23.645 curveto
-25.85793 23.645 -25.63538 23.73721 -25.47128 23.90129 curveto
-25.3072 24.06538 -25.215 24.28793 -25.215 24.52 curveto closepath fill
 0.1 0.88333 0 0.4 setcmykcolor
newpath -25.215 24.52 moveto
-25.215 24.75208 -25.3072 24.97462 -25.47128 25.13872 curveto
-25.63538 25.3028 -25.85793 25.395 -26.09 25.395 curveto
-26.32207 25.395 -26.54462 25.3028 -26.70871 25.13872 curveto
-26.87279 24.97462 -26.965 24.75208 -26.965 24.52 curveto
-26.965 24.28793 -26.87279 24.06538 -26.70871 23.90129 curveto
-26.54462 23.73721 -26.32207 23.645 -26.09 23.645 curveto
-25.85793 23.645 -25.63538 23.73721 -25.47128 23.90129 curveto
-25.3072 24.06538 -25.215 24.28793 -25.215 24.52 curveto closepath stroke
-1 THsetalpha
 0 0 0.2 0 setcmykcolor
newpath -37.845 26.3 moveto
-37.845 26.53207 -37.93721 26.75462 -38.10129 26.91872 curveto
-38.26538 27.0828 -38.48793 27.175 -38.72 27.175 curveto
-38.95207 27.175 -39.17462 27.0828 -39.33871 26.91872 curveto
-39.50279 26.75462 -39.595 26.53207 -39.595 26.3 curveto
-39.595 26.06793 -39.50279 25.84538 -39.33871 25.68129 curveto
-39.17462 25.51721 -38.95207 25.425 -38.72 25.425 curveto
-38.48793 25.425 -38.26538 25.51721 -38.10129 25.68129 curveto
-37.93721 25.84538 -37.845 26.06793 -37.845 26.3 curveto closepath fill
 0.1 0.88333 0 0.4 setcmykcolor
newpath -37.845 26.3 moveto
-37.845 26.53207 -37.93721 26.75462 -38.10129 26.91872 curveto
-38.26538 27.0828 -38.48793 27.175 -38.72 27.175 curveto
-38.95207 27.175 -39.17462 27.0828 -39.33871 26.91872 curveto
-39.50279 26.75462 -39.595 26.53207 -39.595 26.3 curveto
-39.595 26.06793 -39.50279 25.84538 -39.33871 25.68129 curveto
-39.17462 25.51721 -38.95207 25.425 -38.72 25.425 curveto
-38.48793 25.425 -38.26538 25.51721 -38.10129 25.68129 curveto
-37.93721 25.84538 -37.845 26.06793 -37.845 26.3 curveto closepath stroke
-1 THsetalpha
 0 0 0.2 0 setcmykcolor
newpath -37.345 19.25 moveto
-37.345 19.48207 -37.43721 19.70462 -37.60129 19.86871 curveto
-37.76538 20.03279 -37.98793 20.125 -38.22 20.125 curveto
-38.45207 20.125 -38.67462 20.03279 -38.83871 19.86871 curveto
-39.00279 19.70462 -39.095 19.48207 -39.095 19.25 curveto
-39.095 19.01793 -39.00279 18.79538 -38.83871 18.63129 curveto
-38.67462 18.46721 -38.45207 18.375 -38.22 18.375 curveto
-37.98793 18.375 -37.76538 18.46721 -37.60129 18.63129 curveto
-37.43721 18.79538 -37.345 19.01793 -37.345 19.25 curveto closepath fill
 0.1 0.88333 0 0.4 setcmykcolor
newpath -37.345 19.25 moveto
-37.345 19.48207 -37.43721 19.70462 -37.60129 19.86871 curveto
-37.76538 20.03279 -37.98793 20.125 -38.22 20.125 curveto
-38.45207 20.125 -38.67462 20.03279 -38.83871 19.86871 curveto
-39.00279 19.70462 -39.095 19.48207 -39.095 19.25 curveto
-39.095 19.01793 -39.00279 18.79538 -38.83871 18.63129 curveto
-38.67462 18.46721 -38.45207 18.375 -38.22 18.375 curveto
-37.98793 18.375 -37.76538 18.46721 -37.60129 18.63129 curveto
-37.43721 18.79538 -37.345 19.01793 -37.345 19.25 curveto closepath stroke
-1 THsetalpha
 0 0 0.2 0 setcmykcolor
newpath -60.845 11.61 moveto
-60.845 11.84207 -60.93721 12.06462 -61.10129 12.22871 curveto
-61.26538 12.39279 -61.48793 12.485 -61.72 12.485 curveto
-61.95207 12.485 -62.17462 12.39279 -62.33871 12.22871 curveto
-62.50279 12.06462 -62.595 11.84207 -62.595 11.61 curveto
-62.595 11.37793 -62.50279 11.15538 -62.33871 10.99129 curveto
-62.17462 10.82721 -61.95207 10.735 -61.72 10.735 curveto
-61.48793 10.735 -61.26538 10.82721 -61.10129 10.99129 curveto
-60.93721 11.15538 -60.845 11.37793 -60.845 11.61 curveto closepath fill
 0.1 0.88333 0 0.4 setcmykcolor
newpath -60.845 11.61 moveto
-60.845 11.84207 -60.93721 12.06462 -61.10129 12.22871 curveto
-61.26538 12.39279 -61.48793 12.485 -61.72 12.485 curveto
-61.95207 12.485 -62.17462 12.39279 -62.33871 12.22871 curveto
-62.50279 12.06462 -62.595 11.84207 -62.595 11.61 curveto
-62.595 11.37793 -62.50279 11.15538 -62.33871 10.99129 curveto
-62.17462 10.82721 -61.95207 10.735 -61.72 10.735 curveto
-61.48793 10.735 -61.26538 10.82721 -61.10129 10.99129 curveto
-60.93721 11.15538 -60.845 11.37793 -60.845 11.61 curveto closepath stroke
-1 THsetalpha
 0 0 0.2 0 setcmykcolor
newpath -60.845 -6.74 moveto
-60.845 -6.50793 -60.93721 -6.28539 -61.10129 -6.12129 curveto
-61.26538 -5.95721 -61.48793 -5.865 -61.72 -5.865 curveto
-61.95207 -5.865 -62.17462 -5.95721 -62.33871 -6.12129 curveto
-62.50279 -6.28539 -62.595 -6.50793 -62.595 -6.74 curveto
-62.595 -6.97208 -62.50279 -7.19463 -62.33871 -7.35872 curveto
-62.17462 -7.5228 -61.95207 -7.615 -61.72 -7.615 curveto
-61.48793 -7.615 -61.26538 -7.5228 -61.10129 -7.35872 curveto
-60.93721 -7.19463 -60.845 -6.97208 -60.845 -6.74 curveto closepath fill
 0.1 0.88333 0 0.4 setcmykcolor
newpath -60.845 -6.74 moveto
-60.845 -6.50793 -60.93721 -6.28539 -61.10129 -6.12129 curveto
-61.26538 -5.95721 -61.48793 -5.865 -61.72 -5.865 curveto
-61.95207 -5.865 -62.17462 -5.95721 -62.33871 -6.12129 curveto
-62.50279 -6.28539 -62.595 -6.50793 -62.595 -6.74 curveto
-62.595 -6.97208 -62.50279 -7.19463 -62.33871 -7.35872 curveto
-62.17462 -7.5228 -61.95207 -7.615 -61.72 -7.615 curveto
-61.48793 -7.615 -61.26538 -7.5228 -61.10129 -7.35872 curveto
-60.93721 -7.19463 -60.845 -6.97208 -60.845 -6.74 curveto closepath stroke
-1 THsetalpha
 0 0 0.2 0 setcmykcolor
newpath -72.915 10.5 moveto
-72.915 10.73207 -73.0072 10.95462 -73.17128 11.11871 curveto
-73.33537 11.28279 -73.55792 11.375 -73.79 11.375 curveto
-74.02206 11.375 -74.24461 11.28279 -74.4087 11.11871 curveto
-74.57278 10.95462 -74.665 10.73207 -74.665 10.5 curveto
-74.665 10.26793 -74.57278 10.04538 -74.4087 9.88129 curveto
-74.24461 9.71721 -74.02206 9.625 -73.79 9.625 curveto
-73.55792 9.625 -73.33537 9.71721 -73.17128 9.88129 curveto
-73.0072 10.04538 -72.915 10.26793 -72.915 10.5 curveto closepath fill
 0.1 0.88333 0 0.4 setcmykcolor
newpath -72.915 10.5 moveto
-72.915 10.73207 -73.0072 10.95462 -73.17128 11.11871 curveto
-73.33537 11.28279 -73.55792 11.375 -73.79 11.375 curveto
-74.02206 11.375 -74.24461 11.28279 -74.4087 11.11871 curveto
-74.57278 10.95462 -74.665 10.73207 -74.665 10.5 curveto
-74.665 10.26793 -74.57278 10.04538 -74.4087 9.88129 curveto
-74.24461 9.71721 -74.02206 9.625 -73.79 9.625 curveto
-73.55792 9.625 -73.33537 9.71721 -73.17128 9.88129 curveto
-73.0072 10.04538 -72.915 10.26793 -72.915 10.5 curveto closepath stroke
-1 THsetalpha
 0 0 0.2 0 setcmykcolor
newpath -80.535 24.25 moveto
-80.535 24.48207 -80.62721 24.70462 -80.79129 24.86871 curveto
-80.95538 25.03279 -81.17793 25.125 -81.41 25.125 curveto
-81.64207 25.125 -81.86462 25.03279 -82.02872 24.86871 curveto
-82.1928 24.70462 -82.285 24.48207 -82.285 24.25 curveto
-82.285 24.01793 -82.1928 23.79538 -82.02872 23.63129 curveto
-81.86462 23.46721 -81.64207 23.375 -81.41 23.375 curveto
-81.17793 23.375 -80.95538 23.46721 -80.79129 23.63129 curveto
-80.62721 23.79538 -80.535 24.01793 -80.535 24.25 curveto closepath fill
 0.1 0.88333 0 0.4 setcmykcolor
newpath -80.535 24.25 moveto
-80.535 24.48207 -80.62721 24.70462 -80.79129 24.86871 curveto
-80.95538 25.03279 -81.17793 25.125 -81.41 25.125 curveto
-81.64207 25.125 -81.86462 25.03279 -82.02872 24.86871 curveto
-82.1928 24.70462 -82.285 24.48207 -82.285 24.25 curveto
-82.285 24.01793 -82.1928 23.79538 -82.02872 23.63129 curveto
-81.86462 23.46721 -81.64207 23.375 -81.41 23.375 curveto
-81.17793 23.375 -80.95538 23.46721 -80.79129 23.63129 curveto
-80.62721 23.79538 -80.535 24.01793 -80.535 24.25 curveto closepath stroke
-1 THsetalpha
 0 0 0.2 0 setcmykcolor
newpath -88.045 24.91 moveto
-88.045 25.14207 -88.1372 25.36462 -88.30128 25.52872 curveto
-88.46538 25.6928 -88.68793 25.785 -88.92 25.785 curveto
-89.15207 25.785 -89.37462 25.6928 -89.53871 25.52872 curveto
-89.70279 25.36462 -89.795 25.14207 -89.795 24.91 curveto
-89.795 24.67793 -89.70279 24.45538 -89.53871 24.29129 curveto
-89.37462 24.12721 -89.15207 24.035 -88.92 24.035 curveto
-88.68793 24.035 -88.46538 24.12721 -88.30128 24.29129 curveto
-88.1372 24.45538 -88.045 24.67793 -88.045 24.91 curveto closepath fill
 0.1 0.88333 0 0.4 setcmykcolor
newpath -88.045 24.91 moveto
-88.045 25.14207 -88.1372 25.36462 -88.30128 25.52872 curveto
-88.46538 25.6928 -88.68793 25.785 -88.92 25.785 curveto
-89.15207 25.785 -89.37462 25.6928 -89.53871 25.52872 curveto
-89.70279 25.36462 -89.795 25.14207 -89.795 24.91 curveto
-89.795 24.67793 -89.70279 24.45538 -89.53871 24.29129 curveto
-89.37462 24.12721 -89.15207 24.035 -88.92 24.035 curveto
-88.68793 24.035 -88.46538 24.12721 -88.30128 24.29129 curveto
-88.1372 24.45538 -88.045 24.67793 -88.045 24.91 curveto closepath stroke
-1 THsetalpha
 0 0 0.2 0 setcmykcolor
newpath -89.355 14.23 moveto
-89.355 14.46207 -89.4472 14.68462 -89.61128 14.84871 curveto
-89.77538 15.01279 -89.99792 15.105 -90.23 15.105 curveto
-90.46207 15.105 -90.68462 15.01279 -90.84871 14.84871 curveto
-91.01279 14.68462 -91.105 14.46207 -91.105 14.23 curveto
-91.105 13.99792 -91.01279 13.77538 -90.84871 13.61128 curveto
-90.68462 13.4472 -90.46207 13.355 -90.23 13.355 curveto
-89.99792 13.355 -89.77538 13.4472 -89.61128 13.61128 curveto
-89.4472 13.77538 -89.355 13.99792 -89.355 14.23 curveto closepath fill
 0.1 0.88333 0 0.4 setcmykcolor
newpath -89.355 14.23 moveto
-89.355 14.46207 -89.4472 14.68462 -89.61128 14.84871 curveto
-89.77538 15.01279 -89.99792 15.105 -90.23 15.105 curveto
-90.46207 15.105 -90.68462 15.01279 -90.84871 14.84871 curveto
-91.01279 14.68462 -91.105 14.46207 -91.105 14.23 curveto
-91.105 13.99792 -91.01279 13.77538 -90.84871 13.61128 curveto
-90.68462 13.4472 -90.46207 13.355 -90.23 13.355 curveto
-89.99792 13.355 -89.77538 13.4472 -89.61128 13.61128 curveto
-89.4472 13.77538 -89.355 13.99792 -89.355 14.23 curveto closepath stroke
-1 THsetalpha
 0 0 0.2 0 setcmykcolor
newpath -103.185 11.8 moveto
-103.185 12.03207 -103.2772 12.25462 -103.44128 12.41872 curveto
-103.60538 12.5828 -103.82793 12.675 -104.06 12.675 curveto
-104.29207 12.675 -104.51462 12.5828 -104.67871 12.41872 curveto
-104.84279 12.25462 -104.935 12.03207 -104.935 11.8 curveto
-104.935 11.56793 -104.84279 11.34538 -104.67871 11.18129 curveto
-104.51462 11.01721 -104.29207 10.925 -104.06 10.925 curveto
-103.82793 10.925 -103.60538 11.01721 -103.44128 11.18129 curveto
-103.2772 11.34538 -103.185 11.56793 -103.185 11.8 curveto closepath fill
 0.1 0.88333 0 0.4 setcmykcolor
newpath -103.185 11.8 moveto
-103.185 12.03207 -103.2772 12.25462 -103.44128 12.41872 curveto
-103.60538 12.5828 -103.82793 12.675 -104.06 12.675 curveto
-104.29207 12.675 -104.51462 12.5828 -104.67871 12.41872 curveto
-104.84279 12.25462 -104.935 12.03207 -104.935 11.8 curveto
-104.935 11.56793 -104.84279 11.34538 -104.67871 11.18129 curveto
-104.51462 11.01721 -104.29207 10.925 -104.06 10.925 curveto
-103.82793 10.925 -103.60538 11.01721 -103.44128 11.18129 curveto
-103.2772 11.34538 -103.185 11.56793 -103.185 11.8 curveto closepath stroke
showpage
%%EOF
