%!PS
%%BoundingBox: -22 -100 56 99 
%%HiResBoundingBox: -21.49478 -99.68295 55.59001 98.03 
%%Creator: MetaPost 1.999
%%CreationDate: 2021.08.16:1551
%%Pages: 1
%%BeginProlog
%%EndProlog
%%Page: 1 1
 0 0 0 1 setcmykcolor 0 0.35 dtransform truncate idtransform setlinewidth pop
 [] 0 setdash 1 setlinejoin 10 setmiterlimit
newpath 6.76996 -51.7 moveto
7.82002 -54.15004 lineto
8.86998 -51.84003 lineto
 closepath stroke
newpath 6.07002 -53.80002 moveto
6.21005 -56.24995 lineto
8.45 -54.63998 lineto
 closepath stroke
newpath 7.47 -55.90004 moveto
6.76996 -57.99995 lineto
8.86998 -58.7 lineto
8.86998 -55.90004 lineto
 closepath stroke
 0.83 0.54 0 0 setcmykcolor 0 0.24501
 dtransform truncate idtransform setlinewidth pop 1 setlinecap
newpath 43.67 -12.45 moveto
45.0101 -13.74217 44.46344 -15.8906 42.85553 -16.13217 curveto
41.41609 -16.34843 41.00438 -18.2633 41.95383 -19.79407 curveto
42.79341 -21.14772 42.33197 -22.9256 40.9114 -23.41803 curveto
39.58415 -23.87813 39.06789 -25.42578 39.40604 -26.86333 curveto
39.73555 -28.2642 39.0863 -29.72925 37.76817 -30.24274 curveto
36.48029 -30.74445 37.06326 -32.5041 37.9557 -33.98297 curveto
38.79309 -35.37062 39.59766 -37.00111 38.40593 -37.72298 curveto
37.20094 -38.45288 38.17448 -40.27554 37.35 -41.25 curveto
37.35 -41.25 lineto stroke
newpath 37.15747 -37.25465 moveto
37.11664 -37.36609 37.05678 -37.4771 36.97578 -37.58737 curveto
36.14186 -38.72287 37.73882 -40.03421 37.35 -41.25 curveto
37.35 -41.25 lineto
37.35 -41.25 lineto
38.48463 -40.66525 38.28273 -38.60876 39.67531 -38.39557 curveto
39.81056 -38.37486 39.93137 -38.33868 40.03906 -38.28877 curveto
 closepath stroke
newpath 37.15747 -37.25465 moveto
37.11664 -37.36609 37.05678 -37.4771 36.97578 -37.58737 curveto
36.14186 -38.72287 37.73882 -40.03421 37.35 -41.25 curveto
37.35 -41.25 lineto
37.35 -41.25 lineto
38.48463 -40.66525 38.28273 -38.60876 39.67531 -38.39557 curveto
39.81056 -38.37486 39.93137 -38.33868 40.03906 -38.28877 curveto
 closepath fill
newpath 23.3 -61.95 moveto
24.76816 -61.8946 25.7673 -63.44641 25.262 -64.93317 curveto
24.80766 -66.26991 25.24376 -67.77892 26.49416 -68.27019 curveto
27.78516 -68.7774 27.72406 -70.68773 26.38783 -71.8343 curveto
25.30254 -72.76556 24.97353 -74.3335 25.85971 -75.36948 curveto
26.71669 -76.3713 26.3923 -77.85672 25.5083 -78.92415 curveto
24.69533 -79.90579 24.77223 -81.29227 25.26558 -82.49023 curveto
25.79585 -83.77785 26.36237 -85.25645 25.34114 -86.06065 curveto
23.65094 -87.39165 24.8377 -89.79509 26.50848 -89.3831 curveto
27.77989 -89.0696 29.21175 -89.11676 29.84996 -90.18462 curveto
30.5554 -91.36497 32.38069 -91.0189 33.37671 -89.62253 curveto
34.14856 -88.54044 35.60866 -89.44131 36.92 -89.75 curveto
36.92 -89.75 lineto stroke
newpath 33.38426 -91.6204 moveto
33.47368 -91.42323 33.54611 -91.21155 33.59766 -90.98822 curveto
33.89665 -89.69313 35.59035 -89.96664 36.92 -89.75 curveto
36.92 -89.75 lineto
36.92 -89.75 lineto
35.82661 -88.96298 34.82243 -87.57191 33.69522 -88.27625 curveto
33.50085 -88.3977 33.29994 -88.49617 33.0973 -88.57237 curveto
 closepath stroke
newpath 33.38426 -91.6204 moveto
33.47368 -91.42323 33.54611 -91.21155 33.59766 -90.98822 curveto
33.89665 -89.69313 35.59035 -89.96664 36.92 -89.75 curveto
36.92 -89.75 lineto
36.92 -89.75 lineto
35.82661 -88.96298 34.82243 -87.57191 33.69522 -88.27625 curveto
33.50085 -88.3977 33.29994 -88.49617 33.0973 -88.57237 curveto
 closepath fill
newpath 2.24 46.49 moveto
3.86884 45.95059 4.71611 44.22266 3.79596 43.0597 curveto
2.67027 41.63695 3.63812 39.5865 5.34872 39.6281 curveto
7.25688 39.67448 8.2094 37.42035 6.8968 36.19424 curveto
5.68895 35.066 6.55553 32.92873 8.47408 32.77368 curveto
10.19763 32.63438 11.12888 30.72675 10.14748 29.39928 curveto
9.23024 28.1586 11.23337 27.27933 11.89 26.06 curveto
11.89 26.06 lineto stroke
newpath 9.06232 28.88913 moveto
9.05638 28.7544 9.03676 28.61703 9.00221 28.47823 curveto
8.62961 26.98097 10.81673 26.93523 11.89 26.06 curveto
11.89 26.06 lineto
11.89 26.06 lineto
11.74998 27.43779 10.23584 29.01671 11.55803 29.8119 curveto
11.68062 29.88565 11.79161 29.9689 11.89108 30.05997 curveto
 closepath stroke
newpath 9.06232 28.88913 moveto
9.05638 28.7544 9.03676 28.61703 9.00221 28.47823 curveto
8.62961 26.98097 10.81673 26.93523 11.89 26.06 curveto
11.89 26.06 lineto
11.89 26.06 lineto
11.74998 27.43779 10.23584 29.01671 11.55803 29.8119 curveto
11.68062 29.88565 11.79161 29.9689 11.89108 30.05997 curveto
 closepath fill
newpath -19.06 91.2 moveto
-17.36937 91.62224 -15.54532 91.10065 -15.3524 89.603 curveto
-15.11069 87.72652 -12.9964 86.81787 -11.6627 87.96526 curveto
-10.42065 89.0338 -8.4447 88.13298 -7.9902 86.2893 curveto
-7.62132 84.79291 -5.62212 85.21709 -4.31 84.63 curveto
-4.31 84.63 lineto stroke
newpath -8.30925 84.70767 moveto
-7.38808 83.54298 -5.72833 84.66974 -4.31 84.63 curveto
-4.31 84.63 lineto
-4.31 84.63 lineto
-5.28479 85.66104 -7.25514 86.03795 -7.08293 87.51288 curveto
 closepath stroke
newpath -8.30925 84.70767 moveto
-7.38808 83.54298 -5.72833 84.66974 -4.31 84.63 curveto
-4.31 84.63 lineto
-4.31 84.63 lineto
-5.28479 85.66104 -7.25514 86.03795 -7.08293 87.51288 curveto
 closepath fill
 0 0 0 1 setcmykcolor 0 0.35 dtransform truncate idtransform setlinewidth pop
newpath 1.61996 -54.05002 moveto
1.61996 -53.11662 3.02005 -53.11662 3.02005 -54.05002 curveto
3.02005 -54.7016 2.32 -55.14844 2.32 -55.80002 curveto stroke
 0 0.84 dtransform truncate idtransform setlinewidth pop
newpath 2.32 -56.84998 moveto 0 0 rlineto stroke
 0 0.35 dtransform truncate idtransform setlinewidth pop
newpath 20.89996 63.26997 moveto
20.89996 64.20337 22.30005 64.20337 22.30005 63.26997 curveto
22.30005 62.6184 21.6 62.17155 21.6 61.51997 curveto stroke
 0 0.84 dtransform truncate idtransform setlinewidth pop
newpath 21.6 60.47002 moveto 0 0 rlineto stroke
 0 0.35 dtransform truncate idtransform setlinewidth pop
newpath -8.33005 61.47998 moveto
-8.33005 62.41338 -6.92996 62.41338 -6.92996 61.47998 curveto
-6.92996 60.8284 -7.63 60.38156 -7.63 59.72998 curveto stroke
 0 0.84 dtransform truncate idtransform setlinewidth pop
newpath -7.63 58.68002 moveto 0 0 rlineto stroke
 0 0.35 dtransform truncate idtransform setlinewidth pop
newpath -21.31978 85.51828 moveto
-9.81815 80.37337 lineto stroke
newpath -19.65495 83.23993 moveto
-19.58192 84.25877 -20.36087 85.08934 -21.31978 85.51828 curveto stroke
newpath -18.51167 85.7958 moveto
-19.22252 85.06227 -20.36087 85.08934 -21.31978 85.51828 curveto stroke
newpath -9.81815 80.37337 moveto
-7.96857 81.07967 lineto stroke
newpath -11.09608 80.94502 moveto
-9.2465 81.6513 lineto stroke
newpath -12.37402 81.51666 moveto
-10.52444 82.22296 lineto stroke
-1 THsetalpha
 0 0 0.2 0 setcmykcolor
newpath -14.392 84.7199 moveto
-14.90044 84.94733 -15.47835 84.9634 -15.99864 84.76472 curveto
-16.51892 84.56604 -16.93903 84.16885 -17.16646 83.66042 curveto
-17.39389 83.15198 -17.40997 82.57407 -17.21129 82.05379 curveto
-17.01262 81.5335 -16.61543 81.1134 -16.107 80.88597 curveto
-15.59856 80.65852 -15.02066 80.64246 -14.50037 80.84113 curveto
-13.98007 81.03981 -13.55998 81.437 -13.33255 81.94543 curveto
-13.10512 82.45387 -13.08902 83.03178 -13.28772 83.55206 curveto
-13.48639 84.07236 -13.88356 84.49245 -14.392 84.7199 curveto closepath fill
 0 0 0 1 setcmykcolor 0.35
 0 dtransform exch truncate exch idtransform pop setlinewidth
newpath -15.10555 81.41035 moveto
-15.39337 84.19545 lineto stroke
 0 0.35 dtransform truncate idtransform setlinewidth pop
newpath -14.11543 83.6238 moveto
-16.38348 81.98201 lineto stroke
newpath -13.97156 82.23128 moveto
-16.52744 83.37457 lineto stroke
-1 THsetalpha
 0 0 0.2 0 setcmykcolor
newpath -14.82076 83.76141 moveto
-15.07497 83.87512 -15.36394 83.88315 -15.62407 83.7838 curveto
-15.88422 83.68448 -16.09428 83.48589 -16.208 83.23167 curveto
-16.3217 82.97746 -16.32974 82.6885 -16.2304 82.42836 curveto
-16.13106 82.16821 -15.93245 81.95816 -15.67824 81.84445 curveto
-15.42403 81.73073 -15.13507 81.7227 -14.87494 81.82205 curveto
-14.61479 81.92137 -14.40472 82.11996 -14.29102 82.37418 curveto
-14.1773 82.62839 -14.16927 82.91734 -14.26862 83.17749 curveto
-14.36795 83.43764 -14.56654 83.64769 -14.82076 83.76141 curveto closepath fill
 0 0 0 1 setcmykcolor
newpath -14.96367 83.44191 moveto
-15.13315 83.51772 -15.32579 83.52306 -15.49922 83.45685 curveto
-15.67264 83.39061 -15.81267 83.25821 -15.88847 83.08875 curveto
-15.96428 82.91928 -15.96964 82.72664 -15.90343 82.55322 curveto
-15.8372 82.3798 -15.7048 82.23976 -15.53532 82.16396 curveto
-15.36586 82.08813 -15.17322 82.0828 -14.99979 82.149 curveto
-14.82637 82.21524 -14.68633 82.34764 -14.61052 82.5171 curveto
-14.53471 82.68657 -14.52937 82.87921 -14.59558 83.05263 curveto
-14.6618 83.22604 -14.7942 83.36609 -14.96367 83.44191 curveto closepath stroke
newpath 35.51451 -95.7388 moveto
47.62042 -99.23296 lineto stroke
newpath 37.48024 -97.7633 moveto
37.41075 -96.7442 36.52379 -96.0301 35.51451 -95.7388 curveto stroke
newpath 38.2567 -95.07315 moveto
37.65486 -95.8985 36.52379 -96.0301 35.51451 -95.7388 curveto stroke
newpath 47.62042 -99.23296 moveto
49.35373 -98.27611 lineto stroke
newpath 46.27534 -98.84473 moveto
48.00865 -97.88788 lineto stroke
newpath 44.93027 -98.45648 moveto
46.66357 -97.49965 lineto stroke
-1 THsetalpha
 0 0 0.2 0 setcmykcolor
newpath 42.48608 -95.56526 moveto
41.95093 -95.4108 41.3764 -95.4753 40.88882 -95.74446 curveto
40.40125 -96.01363 40.04051 -96.46541 39.88605 -97.00056 curveto
39.73158 -97.53572 39.79608 -98.11024 40.06525 -98.59782 curveto
40.33441 -99.0854 40.7862 -99.44614 41.32135 -99.6006 curveto
41.85649 -99.75505 42.43102 -99.69055 42.9186 -99.42139 curveto
43.40617 -99.15224 43.76692 -98.70045 43.92139 -98.1653 curveto
44.07585 -97.63014 44.01134 -97.05562 43.74217 -96.56802 curveto
43.473 -96.08044 43.02122 -95.71971 42.48608 -95.56526 curveto closepath fill
 0 0 0 1 setcmykcolor
newpath 42.24008 -98.94193 moveto
41.56743 -96.22395 lineto stroke
newpath 42.9125 -96.61218 moveto
40.895 -98.5537 lineto stroke
newpath 43.2488 -97.97116 moveto
40.55862 -97.19469 lineto stroke
-1 THsetalpha
 0 0 0.2 0 setcmykcolor
newpath 42.1949 -96.5741 moveto
41.92732 -96.49686 41.64006 -96.52911 41.39627 -96.6637 curveto
41.15248 -96.79828 40.97209 -97.02419 40.89487 -97.29175 curveto
40.81764 -97.55931 40.8499 -97.84659 40.9845 -98.09036 curveto
41.11906 -98.33417 41.34496 -98.51453 41.61253 -98.59177 curveto
41.8801 -98.66899 42.16736 -98.63673 42.41115 -98.50215 curveto
42.65494 -98.36758 42.83533 -98.14168 42.91255 -97.87411 curveto
42.98978 -97.60655 42.95752 -97.31927 42.82292 -97.07549 curveto
42.68835 -96.83168 42.46246 -96.65132 42.1949 -96.5741 curveto closepath fill
 0 0 0 1 setcmykcolor
newpath 42.09784 -96.91039 moveto
41.91946 -96.8589 41.72794 -96.8804 41.56541 -96.97011 curveto
41.40291 -97.05984 41.28265 -97.21043 41.23117 -97.38881 curveto
41.17969 -97.56718 41.20119 -97.7587 41.29091 -97.92122 curveto
41.38062 -98.08374 41.53122 -98.204 41.7096 -98.25548 curveto
41.88795 -98.30696 42.07948 -98.28545 42.242 -98.19574 curveto
42.40451 -98.10602 42.52478 -97.95541 42.57626 -97.77704 curveto
42.62775 -97.59866 42.60623 -97.40717 42.51651 -97.24463 curveto
42.4268 -97.0821 42.2762 -96.96187 42.09784 -96.91039 curveto closepath stroke
 0 0.7 dtransform truncate idtransform setlinewidth pop
newpath -19.42 94.53 moveto
-19.42 94.53 -17.62 91.65 -14.3 90.75 curveto
-10.97 89.85 -6.2 88.23 -3.41 86.25 curveto
-0.62 84.28 1.63 84.64 0.73 83.83 curveto
-0.17 83.02 -3.86 83.29 -1.16 82.21 curveto
1.55 81.14 1.19 82.13 2.81 80.78 curveto
4.42 79.43 4.95 75.02 4.59 73.57 curveto
4.24 72.13 4.42 69.42 1.37 67.35 curveto
-1.69 65.28 -3.22 63.49 -2.77 62.23 curveto
-2.32 60.97 0.91 58.63 -0.17 58.9 curveto
-1.24 59.17 -2.68 59.8 -2.68 59.8 curveto stroke
newpath -3.67 58.28 moveto
-3.67 58.28 0.82 56.74 0.82 55.67 curveto
0.81 54.59 -0.9 53.24 0.36 51.98 curveto
1.61 50.72 1.79 50.89 3.5 49.45 curveto
5.21 48.01 8.37 47.92 8.55 43.97 curveto
8.72 40.01 9.54 40.01 10.26 38.3 curveto
10.98 36.59 11.61 33.89 12.96 32.54 curveto
14.31 31.2 15.85 26.87 16.66 26.06 curveto
17.47 25.25 18.29 23.46 19.64 22.46 curveto
20.98 21.48 20.53 19.41 22.5 17.43 curveto
24.48 15.45 27.35 12.2 27.36 9.41 curveto
27.36 6.62 27.64 5 28.09 3.29 curveto
28.54 1.58 29.89 0.86 30.7 -0.76 curveto
31.51 -2.38 32.95 -4.26 34.75 -5.7 curveto
36.55 -7.14 39.44 -9.67 39.35 -11.29 curveto
39.26 -12.91 36.47 -16.87 35.75 -17.86 curveto
35.02 -18.85 34.38 -20.19 33.03 -22.26 curveto
31.68 -24.34 30.78 -25.87 30.51 -27.67 curveto
30.23 -29.47 34.02 -35.49 33.93 -37.03 curveto
33.84 -38.56 30.05 -39.73 28.53 -40.91 curveto
27.01 -42.08 25.57 -42.81 23.86 -42.71 curveto
22.14 -42.62 18.89 -41.62 17 -43.51 curveto
15.11 -45.4 11.61 -48.65 10.35 -50.09 curveto
9.1 -51.52 10.27 -51.35 10.09 -52.6 curveto
9.91 -53.86 7.93 -54.21 7.93 -54.21 curveto
6.57 -54.38 lineto stroke
newpath 6.29 -56.37 moveto
6.29 -56.37 9.72 -56.74 12.24 -56.84 curveto
14.77 -56.94 16.84 -58.01 18.19 -57.29 curveto
19.54 -56.56 19.99 -56.29 21.16 -56.74 curveto
22.33 -57.19 23.59 -57.73 24.75 -58.98 curveto
25.92 -60.24 26.28 -61.23 27.99 -62.31 curveto
29.69 -63.39 29.42 -60.97 29.87 -65.1 curveto
30.32 -69.26 29.98 -70.34 30.52 -71.51 curveto
31.06 -72.67 30.33 -72.85 32.13 -73.74 curveto
33.93 -74.63 35.65 -75.8 33.74 -76.52 curveto
31.85 -77.24 31.86 -78.7 29.98 -78.61 curveto
28.08 -78.52 26.54 -81.48 26.99 -83.84 curveto
27.44 -86.18 28.84 -88.31 30.45 -88.3 curveto
32.05 -88.28 34.82 -86.72 36.86 -87.42 curveto
38.92 -88.13 42.95 -90.08 44.3 -91.07 curveto
45.69 -92.08 47.04 -92.91 48.58 -93.1 curveto
49.82 -93.26 54.07 -93.98 54.07 -93.98 curveto stroke
newpath 55.24 -91.15 moveto
55.24 -91.15 53.72 -90.02 52.34 -89.96 curveto
51.09 -89.91 50.17 -90.03 48.95 -88.55 curveto
47.63 -86.93 48.6 -86.1 46.07 -86.19 curveto
43.4 -86.28 43.88 -86.77 42.02 -86.01 curveto
40.2 -85.26 38.41 -83.75 36.63 -83.5 curveto
34.86 -83.25 30.87 -82.67 32.4 -81.49 curveto
33.93 -80.31 37.79 -78.49 37.9 -77.33 curveto
38 -76.17 36.45 -73.56 35.54 -72.38 curveto
34.64 -71.22 36.16 -69.4 35.17 -68.24 curveto
34.19 -67.08 34.63 -67.62 33.83 -65.09 curveto
33.02 -62.58 31.16 -58.81 30.17 -58 curveto
29.17 -57.19 29.08 -55.84 26.92 -54.58 curveto
24.77 -53.33 24.04 -52.25 21.88 -52.61 curveto
19.72 -52.96 17.11 -53.69 16.12 -53.24 curveto
15.13 -52.79 13.95 -50.81 15.21 -49.91 curveto
16.47 -49.01 20.25 -47.03 23.13 -46.58 curveto
26.02 -46.14 29.26 -45.5 31.5 -44.5 curveto
33.75 -43.5 32.67 -43.32 35.55 -41.16 curveto
38.44 -39 37.44 -35.22 36.35 -34.05 curveto
35.27 -32.88 34.01 -31.71 35.63 -31.08 curveto
37.25 -30.45 35.09 -29.83 35.81 -28.21 curveto
36.53 -26.59 37.26 -26.14 38.34 -24.7 curveto
39.43 -23.26 40.88 -15.16 41.51 -13.09 curveto
42.14 -11.02 42.95 -9.03 41.6 -8.13 curveto
40.25 -7.23 37.45 -4.71 35.92 -2.91 curveto
34.39 -1.11 32.14 -0.13 32.68 2.57 curveto
33.21 5.27 34.11 8.59 33.3 9.94 curveto
32.49 11.29 30.24 15.89 27.09 18.68 curveto
23.95 21.47 21.62 23.09 21.53 25.34 curveto
21.44 27.6 22.69 29.04 20.53 30.48 curveto
18.37 31.92 17.01 33.63 16.29 35.52 curveto
15.57 37.41 16.21 38.93 15.85 40.01 curveto
15.49 41.09 14.4 43.34 14.4 45.5 curveto
14.4 47.66 12.95 49.18 13.31 50.8 curveto
13.67 52.42 12.42 53.58 13.68 54.3 curveto
14.94 55.02 15.39 55.65 16.56 56.19 curveto
17.73 56.73 19 58.27 19 58.27 curveto stroke
newpath 17.73 60.61 moveto
17.73 60.61 14.85 57.01 13.41 57.28 curveto
11.97 57.55 13.14 61.06 11.7 61.87 curveto
10.27 62.67 9.38 63.94 10.27 66.37 curveto
11.17 68.81 14.13 72.5 14.22 74.12 curveto
14.3 75.74 14.48 77 14.66 78.08 curveto
14.84 79.16 14.3 82.4 14.3 82.4 curveto stroke
newpath 12.42 81.59 moveto
12.42 81.59 13.67 78.44 12.33 79.34 curveto
10.98 80.24 11.25 81.05 9.28 82.13 curveto
7.3 83.21 1.54 86.35 2.35 86.44 curveto
3.16 86.53 5.05 86.54 5.05 86.54 curveto stroke
newpath 5.14 87.88 moveto
5.14 87.88 0.9 88.87 -0.53 88.69 curveto
-1.97 88.51 -3.59 89.04 -4.94 90.3 curveto
-6.29 91.56 -7.91 93.36 -9.98 93.63 curveto
-12.05 93.9 -14.47 91.65 -15.11 93.54 curveto
-15.74 95.43 -15.47 96.42 -16.91 97.68 curveto stroke
 [2.10013 2.10013 ] 0 setdash
newpath 5.05 86.54 moveto
5.05 86.54 11.34 82.49 12.42 81.59 curveto stroke
newpath 14.3 82.4 moveto
14.3 82.4 7.3 87.71 5.14 87.88 curveto stroke
-1 THsetalpha
 0 0 0.2 0 setcmykcolor
newpath 47.915 -91.97 moveto
47.915 -91.73793 47.82278 -91.51538 47.6587 -91.35129 curveto
47.49461 -91.18721 47.27206 -91.095 47.04 -91.095 curveto
46.80792 -91.095 46.58537 -91.18721 46.42128 -91.35129 curveto
46.2572 -91.51538 46.165 -91.73793 46.165 -91.97 curveto
46.165 -92.20207 46.2572 -92.42462 46.42128 -92.58871 curveto
46.58537 -92.75279 46.80792 -92.845 47.04 -92.845 curveto
47.27206 -92.845 47.49461 -92.75279 47.6587 -92.58871 curveto
47.82278 -92.42462 47.915 -92.20207 47.915 -91.97 curveto closepath fill
 0.1 0.88333 0 0.4 setcmykcolor 0 0.35
 dtransform truncate idtransform setlinewidth pop [] 0 setdash
newpath 47.915 -91.97 moveto
47.915 -91.73793 47.82278 -91.51538 47.6587 -91.35129 curveto
47.49461 -91.18721 47.27206 -91.095 47.04 -91.095 curveto
46.80792 -91.095 46.58537 -91.18721 46.42128 -91.35129 curveto
46.2572 -91.51538 46.165 -91.73793 46.165 -91.97 curveto
46.165 -92.20207 46.2572 -92.42462 46.42128 -92.58871 curveto
46.58537 -92.75279 46.80792 -92.845 47.04 -92.845 curveto
47.27206 -92.845 47.49461 -92.75279 47.6587 -92.58871 curveto
47.82278 -92.42462 47.915 -92.20207 47.915 -91.97 curveto closepath stroke
-1 THsetalpha
 0 0 0.2 0 setcmykcolor
newpath 45.745 -88.43 moveto
45.745 -88.19792 45.65279 -87.97537 45.48871 -87.81128 curveto
45.32462 -87.6472 45.10207 -87.555 44.87 -87.555 curveto
44.63792 -87.555 44.41537 -87.6472 44.25128 -87.81128 curveto
44.0872 -87.97537 43.995 -88.19792 43.995 -88.43 curveto
43.995 -88.66206 44.0872 -88.88461 44.25128 -89.0487 curveto
44.41537 -89.21278 44.63792 -89.305 44.87 -89.305 curveto
45.10207 -89.305 45.32462 -89.21278 45.48871 -89.0487 curveto
45.65279 -88.88461 45.745 -88.66206 45.745 -88.43 curveto closepath fill
 0.1 0.88333 0 0.4 setcmykcolor
newpath 45.745 -88.43 moveto
45.745 -88.19792 45.65279 -87.97537 45.48871 -87.81128 curveto
45.32462 -87.6472 45.10207 -87.555 44.87 -87.555 curveto
44.63792 -87.555 44.41537 -87.6472 44.25128 -87.81128 curveto
44.0872 -87.97537 43.995 -88.19792 43.995 -88.43 curveto
43.995 -88.66206 44.0872 -88.88461 44.25128 -89.0487 curveto
44.41537 -89.21278 44.63792 -89.305 44.87 -89.305 curveto
45.10207 -89.305 45.32462 -89.21278 45.48871 -89.0487 curveto
45.65279 -88.88461 45.745 -88.66206 45.745 -88.43 curveto closepath stroke
-1 THsetalpha
 0 0 0.2 0 setcmykcolor
newpath 28.505 -84.52 moveto
28.505 -84.28793 28.4128 -84.06538 28.24872 -83.90129 curveto
28.08463 -83.73721 27.86208 -83.645 27.63 -83.645 curveto
27.39793 -83.645 27.17538 -83.73721 27.01129 -83.90129 curveto
26.84721 -84.06538 26.755 -84.28793 26.755 -84.52 curveto
26.755 -84.75208 26.84721 -84.97462 27.01129 -85.13872 curveto
27.17538 -85.3028 27.39793 -85.395 27.63 -85.395 curveto
27.86208 -85.395 28.08463 -85.3028 28.24872 -85.13872 curveto
28.4128 -84.97462 28.505 -84.75208 28.505 -84.52 curveto closepath fill
 0.1 0.88333 0 0.4 setcmykcolor
newpath 28.505 -84.52 moveto
28.505 -84.28793 28.4128 -84.06538 28.24872 -83.90129 curveto
28.08463 -83.73721 27.86208 -83.645 27.63 -83.645 curveto
27.39793 -83.645 27.17538 -83.73721 27.01129 -83.90129 curveto
26.84721 -84.06538 26.755 -84.28793 26.755 -84.52 curveto
26.755 -84.75208 26.84721 -84.97462 27.01129 -85.13872 curveto
27.17538 -85.3028 27.39793 -85.395 27.63 -85.395 curveto
27.86208 -85.395 28.08463 -85.3028 28.24872 -85.13872 curveto
28.4128 -84.97462 28.505 -84.75208 28.505 -84.52 curveto closepath stroke
-1 THsetalpha
 0 0 0.2 0 setcmykcolor
newpath 31.085 -80.29 moveto
31.085 -80.05792 30.9928 -79.83537 30.82872 -79.67128 curveto
30.66463 -79.5072 30.44208 -79.415 30.21 -79.415 curveto
29.97794 -79.415 29.75539 -79.5072 29.5913 -79.67128 curveto
29.42722 -79.83537 29.335 -80.05792 29.335 -80.29 curveto
29.335 -80.52206 29.42722 -80.74461 29.5913 -80.9087 curveto
29.75539 -81.07278 29.97794 -81.165 30.21 -81.165 curveto
30.44208 -81.165 30.66463 -81.07278 30.82872 -80.9087 curveto
30.9928 -80.74461 31.085 -80.52206 31.085 -80.29 curveto closepath fill
 0.1 0.88333 0 0.4 setcmykcolor
newpath 31.085 -80.29 moveto
31.085 -80.05792 30.9928 -79.83537 30.82872 -79.67128 curveto
30.66463 -79.5072 30.44208 -79.415 30.21 -79.415 curveto
29.97794 -79.415 29.75539 -79.5072 29.5913 -79.67128 curveto
29.42722 -79.83537 29.335 -80.05792 29.335 -80.29 curveto
29.335 -80.52206 29.42722 -80.74461 29.5913 -80.9087 curveto
29.75539 -81.07278 29.97794 -81.165 30.21 -81.165 curveto
30.44208 -81.165 30.66463 -81.07278 30.82872 -80.9087 curveto
30.9928 -80.74461 31.085 -80.52206 31.085 -80.29 curveto closepath stroke
-1 THsetalpha
 0 0 0.2 0 setcmykcolor
newpath 37.965 -75.68 moveto
37.965 -75.44792 37.87279 -75.22537 37.70871 -75.06128 curveto
37.54462 -74.8972 37.32207 -74.805 37.09 -74.805 curveto
36.85793 -74.805 36.63538 -74.8972 36.47128 -75.06128 curveto
36.3072 -75.22537 36.215 -75.44792 36.215 -75.68 curveto
36.215 -75.91206 36.3072 -76.13461 36.47128 -76.2987 curveto
36.63538 -76.46278 36.85793 -76.555 37.09 -76.555 curveto
37.32207 -76.555 37.54462 -76.46278 37.70871 -76.2987 curveto
37.87279 -76.13461 37.965 -75.91206 37.965 -75.68 curveto closepath fill
 0.1 0.88333 0 0.4 setcmykcolor
newpath 37.965 -75.68 moveto
37.965 -75.44792 37.87279 -75.22537 37.70871 -75.06128 curveto
37.54462 -74.8972 37.32207 -74.805 37.09 -74.805 curveto
36.85793 -74.805 36.63538 -74.8972 36.47128 -75.06128 curveto
36.3072 -75.22537 36.215 -75.44792 36.215 -75.68 curveto
36.215 -75.91206 36.3072 -76.13461 36.47128 -76.2987 curveto
36.63538 -76.46278 36.85793 -76.555 37.09 -76.555 curveto
37.32207 -76.555 37.54462 -76.46278 37.70871 -76.2987 curveto
37.87279 -76.13461 37.965 -75.91206 37.965 -75.68 curveto closepath stroke
-1 THsetalpha
 0 0 0.2 0 setcmykcolor
newpath 32.185 -70.34 moveto
32.185 -70.10793 32.09279 -69.88538 31.92871 -69.72128 curveto
31.76462 -69.5572 31.54207 -69.465 31.31 -69.465 curveto
31.07793 -69.465 30.85538 -69.5572 30.69128 -69.72128 curveto
30.5272 -69.88538 30.435 -70.10793 30.435 -70.34 curveto
30.435 -70.57207 30.5272 -70.79462 30.69128 -70.95871 curveto
30.85538 -71.12279 31.07793 -71.215 31.31 -71.215 curveto
31.54207 -71.215 31.76462 -71.12279 31.92871 -70.95871 curveto
32.09279 -70.79462 32.185 -70.57207 32.185 -70.34 curveto closepath fill
 0.1 0.88333 0 0.4 setcmykcolor
newpath 32.185 -70.34 moveto
32.185 -70.10793 32.09279 -69.88538 31.92871 -69.72128 curveto
31.76462 -69.5572 31.54207 -69.465 31.31 -69.465 curveto
31.07793 -69.465 30.85538 -69.5572 30.69128 -69.72128 curveto
30.5272 -69.88538 30.435 -70.10793 30.435 -70.34 curveto
30.435 -70.57207 30.5272 -70.79462 30.69128 -70.95871 curveto
30.85538 -71.12279 31.07793 -71.215 31.31 -71.215 curveto
31.54207 -71.215 31.76462 -71.12279 31.92871 -70.95871 curveto
32.09279 -70.79462 32.185 -70.57207 32.185 -70.34 curveto closepath stroke
-1 THsetalpha
 0 0 0.2 0 setcmykcolor
newpath 31.415 -58.85 moveto
31.415 -58.61794 31.32278 -58.39539 31.1587 -58.2313 curveto
30.99461 -58.06721 30.77206 -57.975 30.54 -57.975 curveto
30.30792 -57.975 30.08537 -58.06721 29.92128 -58.2313 curveto
29.7572 -58.39539 29.665 -58.61794 29.665 -58.85 curveto
29.665 -59.08208 29.7572 -59.30463 29.92128 -59.46872 curveto
30.08537 -59.6328 30.30792 -59.725 30.54 -59.725 curveto
30.77206 -59.725 30.99461 -59.6328 31.1587 -59.46872 curveto
31.32278 -59.30463 31.415 -59.08208 31.415 -58.85 curveto closepath fill
 0.1 0.88333 0 0.4 setcmykcolor
newpath 31.415 -58.85 moveto
31.415 -58.61794 31.32278 -58.39539 31.1587 -58.2313 curveto
30.99461 -58.06721 30.77206 -57.975 30.54 -57.975 curveto
30.30792 -57.975 30.08537 -58.06721 29.92128 -58.2313 curveto
29.7572 -58.39539 29.665 -58.61794 29.665 -58.85 curveto
29.665 -59.08208 29.7572 -59.30463 29.92128 -59.46872 curveto
30.08537 -59.6328 30.30792 -59.725 30.54 -59.725 curveto
30.77206 -59.725 30.99461 -59.6328 31.1587 -59.46872 curveto
31.32278 -59.30463 31.415 -59.08208 31.415 -58.85 curveto closepath stroke
-1 THsetalpha
 0 0 0.2 0 setcmykcolor
newpath 25.405 -53.59 moveto
25.405 -53.35793 25.31279 -53.13538 25.14871 -52.97128 curveto
24.98462 -52.8072 24.76207 -52.715 24.53 -52.715 curveto
24.29793 -52.715 24.07538 -52.8072 23.91129 -52.97128 curveto
23.74721 -53.13538 23.655 -53.35793 23.655 -53.59 curveto
23.655 -53.82207 23.74721 -54.04462 23.91129 -54.20871 curveto
24.07538 -54.37279 24.29793 -54.465 24.53 -54.465 curveto
24.76207 -54.465 24.98462 -54.37279 25.14871 -54.20871 curveto
25.31279 -54.04462 25.405 -53.82207 25.405 -53.59 curveto closepath fill
 0.1 0.88333 0 0.4 setcmykcolor
newpath 25.405 -53.59 moveto
25.405 -53.35793 25.31279 -53.13538 25.14871 -52.97128 curveto
24.98462 -52.8072 24.76207 -52.715 24.53 -52.715 curveto
24.29793 -52.715 24.07538 -52.8072 23.91129 -52.97128 curveto
23.74721 -53.13538 23.655 -53.35793 23.655 -53.59 curveto
23.655 -53.82207 23.74721 -54.04462 23.91129 -54.20871 curveto
24.07538 -54.37279 24.29793 -54.465 24.53 -54.465 curveto
24.76207 -54.465 24.98462 -54.37279 25.14871 -54.20871 curveto
25.31279 -54.04462 25.405 -53.82207 25.405 -53.59 curveto closepath stroke
-1 THsetalpha
 0 0 0.2 0 setcmykcolor
newpath 15.345 -55.18 moveto
15.345 -54.94792 15.25279 -54.72537 15.08871 -54.56128 curveto
14.92462 -54.3972 14.70207 -54.305 14.47 -54.305 curveto
14.23793 -54.305 14.01538 -54.3972 13.85129 -54.56128 curveto
13.68721 -54.72537 13.595 -54.94792 13.595 -55.18 curveto
13.595 -55.41206 13.68721 -55.63461 13.85129 -55.7987 curveto
14.01538 -55.96278 14.23793 -56.055 14.47 -56.055 curveto
14.70207 -56.055 14.92462 -55.96278 15.08871 -55.7987 curveto
15.25279 -55.63461 15.345 -55.41206 15.345 -55.18 curveto closepath fill
 0.1 0.88333 0 0.4 setcmykcolor
newpath 15.345 -55.18 moveto
15.345 -54.94792 15.25279 -54.72537 15.08871 -54.56128 curveto
14.92462 -54.3972 14.70207 -54.305 14.47 -54.305 curveto
14.23793 -54.305 14.01538 -54.3972 13.85129 -54.56128 curveto
13.68721 -54.72537 13.595 -54.94792 13.595 -55.18 curveto
13.595 -55.41206 13.68721 -55.63461 13.85129 -55.7987 curveto
14.01538 -55.96278 14.23793 -56.055 14.47 -56.055 curveto
14.70207 -56.055 14.92462 -55.96278 15.08871 -55.7987 curveto
15.25279 -55.63461 15.345 -55.41206 15.345 -55.18 curveto closepath stroke
-1 THsetalpha
 0 0 0.2 0 setcmykcolor
newpath 9.925 -54.65 moveto
9.925 -54.41792 9.8328 -54.19537 9.66872 -54.03128 curveto
9.50462 -53.8672 9.28207 -53.775 9.05 -53.775 curveto
8.81793 -53.775 8.59538 -53.8672 8.43129 -54.03128 curveto
8.26721 -54.19537 8.175 -54.41792 8.175 -54.65 curveto
8.175 -54.88206 8.26721 -55.10461 8.43129 -55.2687 curveto
8.59538 -55.43279 8.81793 -55.525 9.05 -55.525 curveto
9.28207 -55.525 9.50462 -55.43279 9.66872 -55.2687 curveto
9.8328 -55.10461 9.925 -54.88206 9.925 -54.65 curveto closepath fill
 0.1 0.88333 0 0.4 setcmykcolor
newpath 9.925 -54.65 moveto
9.925 -54.41792 9.8328 -54.19537 9.66872 -54.03128 curveto
9.50462 -53.8672 9.28207 -53.775 9.05 -53.775 curveto
8.81793 -53.775 8.59538 -53.8672 8.43129 -54.03128 curveto
8.26721 -54.19537 8.175 -54.41792 8.175 -54.65 curveto
8.175 -54.88206 8.26721 -55.10461 8.43129 -55.2687 curveto
8.59538 -55.43279 8.81793 -55.525 9.05 -55.525 curveto
9.28207 -55.525 9.50462 -55.43279 9.66872 -55.2687 curveto
9.8328 -55.10461 9.925 -54.88206 9.925 -54.65 curveto closepath stroke
-1 THsetalpha
 0 0 0.2 0 setcmykcolor
newpath 12.555 -49.11 moveto
12.555 -48.87793 12.46278 -48.65538 12.2987 -48.49129 curveto
12.13461 -48.32721 11.91206 -48.235 11.68 -48.235 curveto
11.44792 -48.235 11.22537 -48.32721 11.06128 -48.49129 curveto
10.8972 -48.65538 10.805 -48.87793 10.805 -49.11 curveto
10.805 -49.34207 10.8972 -49.56462 11.06128 -49.72871 curveto
11.22537 -49.89279 11.44792 -49.985 11.68 -49.985 curveto
11.91206 -49.985 12.13461 -49.89279 12.2987 -49.72871 curveto
12.46278 -49.56462 12.555 -49.34207 12.555 -49.11 curveto closepath fill
 0.1 0.88333 0 0.4 setcmykcolor
newpath 12.555 -49.11 moveto
12.555 -48.87793 12.46278 -48.65538 12.2987 -48.49129 curveto
12.13461 -48.32721 11.91206 -48.235 11.68 -48.235 curveto
11.44792 -48.235 11.22537 -48.32721 11.06128 -48.49129 curveto
10.8972 -48.65538 10.805 -48.87793 10.805 -49.11 curveto
10.805 -49.34207 10.8972 -49.56462 11.06128 -49.72871 curveto
11.22537 -49.89279 11.44792 -49.985 11.68 -49.985 curveto
11.91206 -49.985 12.13461 -49.89279 12.2987 -49.72871 curveto
12.46278 -49.56462 12.555 -49.34207 12.555 -49.11 curveto closepath stroke
-1 THsetalpha
 0 0 0.2 0 setcmykcolor
newpath 27.025 -43.99 moveto
27.025 -43.75793 26.93279 -43.53539 26.7687 -43.37129 curveto
26.60461 -43.20721 26.38206 -43.115 26.15 -43.115 curveto
25.91792 -43.115 25.69537 -43.20721 25.53128 -43.37129 curveto
25.3672 -43.53539 25.275 -43.75793 25.275 -43.99 curveto
25.275 -44.22208 25.3672 -44.44463 25.53128 -44.60872 curveto
25.69537 -44.7728 25.91792 -44.865 26.15 -44.865 curveto
26.38206 -44.865 26.60461 -44.7728 26.7687 -44.60872 curveto
26.93279 -44.44463 27.025 -44.22208 27.025 -43.99 curveto closepath fill
 0.1 0.88333 0 0.4 setcmykcolor
newpath 27.025 -43.99 moveto
27.025 -43.75793 26.93279 -43.53539 26.7687 -43.37129 curveto
26.60461 -43.20721 26.38206 -43.115 26.15 -43.115 curveto
25.91792 -43.115 25.69537 -43.20721 25.53128 -43.37129 curveto
25.3672 -43.53539 25.275 -43.75793 25.275 -43.99 curveto
25.275 -44.22208 25.3672 -44.44463 25.53128 -44.60872 curveto
25.69537 -44.7728 25.91792 -44.865 26.15 -44.865 curveto
26.38206 -44.865 26.60461 -44.7728 26.7687 -44.60872 curveto
26.93279 -44.44463 27.025 -44.22208 27.025 -43.99 curveto closepath stroke
-1 THsetalpha
 0 0 0.2 0 setcmykcolor
newpath 37.895 -38.16 moveto
37.895 -37.92793 37.8028 -37.70538 37.63872 -37.54129 curveto
37.47462 -37.37721 37.25208 -37.285 37.02 -37.285 curveto
36.78793 -37.285 36.56538 -37.37721 36.40129 -37.54129 curveto
36.23721 -37.70538 36.145 -37.92793 36.145 -38.16 curveto
36.145 -38.39207 36.23721 -38.61462 36.40129 -38.77872 curveto
36.56538 -38.9428 36.78793 -39.035 37.02 -39.035 curveto
37.25208 -39.035 37.47462 -38.9428 37.63872 -38.77872 curveto
37.8028 -38.61462 37.895 -38.39207 37.895 -38.16 curveto closepath fill
 0.1 0.88333 0 0.4 setcmykcolor
newpath 37.895 -38.16 moveto
37.895 -37.92793 37.8028 -37.70538 37.63872 -37.54129 curveto
37.47462 -37.37721 37.25208 -37.285 37.02 -37.285 curveto
36.78793 -37.285 36.56538 -37.37721 36.40129 -37.54129 curveto
36.23721 -37.70538 36.145 -37.92793 36.145 -38.16 curveto
36.145 -38.39207 36.23721 -38.61462 36.40129 -38.77872 curveto
36.56538 -38.9428 36.78793 -39.035 37.02 -39.035 curveto
37.25208 -39.035 37.47462 -38.9428 37.63872 -38.77872 curveto
37.8028 -38.61462 37.895 -38.39207 37.895 -38.16 curveto closepath stroke
-1 THsetalpha
 0 0 0.2 0 setcmykcolor
newpath 33.185 -27.11 moveto
33.185 -26.87793 33.09279 -26.65538 32.92871 -26.49129 curveto
32.76462 -26.32721 32.54207 -26.235 32.31 -26.235 curveto
32.07793 -26.235 31.85538 -26.32721 31.69128 -26.49129 curveto
31.5272 -26.65538 31.435 -26.87793 31.435 -27.11 curveto
31.435 -27.34207 31.5272 -27.56462 31.69128 -27.72871 curveto
31.85538 -27.89279 32.07793 -27.985 32.31 -27.985 curveto
32.54207 -27.985 32.76462 -27.89279 32.92871 -27.72871 curveto
33.09279 -27.56462 33.185 -27.34207 33.185 -27.11 curveto closepath fill
 0.1 0.88333 0 0.4 setcmykcolor
newpath 33.185 -27.11 moveto
33.185 -26.87793 33.09279 -26.65538 32.92871 -26.49129 curveto
32.76462 -26.32721 32.54207 -26.235 32.31 -26.235 curveto
32.07793 -26.235 31.85538 -26.32721 31.69128 -26.49129 curveto
31.5272 -26.65538 31.435 -26.87793 31.435 -27.11 curveto
31.435 -27.34207 31.5272 -27.56462 31.69128 -27.72871 curveto
31.85538 -27.89279 32.07793 -27.985 32.31 -27.985 curveto
32.54207 -27.985 32.76462 -27.89279 32.92871 -27.72871 curveto
33.09279 -27.56462 33.185 -27.34207 33.185 -27.11 curveto closepath stroke
-1 THsetalpha
 0 0 0.2 0 setcmykcolor
newpath 39.895 -17.41 moveto
39.895 -17.17793 39.8028 -16.95538 39.63872 -16.79129 curveto
39.47462 -16.62721 39.25208 -16.535 39.02 -16.535 curveto
38.78793 -16.535 38.56538 -16.62721 38.40129 -16.79129 curveto
38.23721 -16.95538 38.145 -17.17793 38.145 -17.41 curveto
38.145 -17.64207 38.23721 -17.86462 38.40129 -18.02872 curveto
38.56538 -18.1928 38.78793 -18.285 39.02 -18.285 curveto
39.25208 -18.285 39.47462 -18.1928 39.63872 -18.02872 curveto
39.8028 -17.86462 39.895 -17.64207 39.895 -17.41 curveto closepath fill
 0.1 0.88333 0 0.4 setcmykcolor
newpath 39.895 -17.41 moveto
39.895 -17.17793 39.8028 -16.95538 39.63872 -16.79129 curveto
39.47462 -16.62721 39.25208 -16.535 39.02 -16.535 curveto
38.78793 -16.535 38.56538 -16.62721 38.40129 -16.79129 curveto
38.23721 -16.95538 38.145 -17.17793 38.145 -17.41 curveto
38.145 -17.64207 38.23721 -17.86462 38.40129 -18.02872 curveto
38.56538 -18.1928 38.78793 -18.285 39.02 -18.285 curveto
39.25208 -18.285 39.47462 -18.1928 39.63872 -18.02872 curveto
39.8028 -17.86462 39.895 -17.64207 39.895 -17.41 curveto closepath stroke
-1 THsetalpha
 0 0 0.2 0 setcmykcolor
newpath 42.195 -10.74 moveto
42.195 -10.50793 42.1028 -10.28539 41.93872 -10.12129 curveto
41.77463 -9.95721 41.55208 -9.865 41.32 -9.865 curveto
41.08794 -9.865 40.86539 -9.95721 40.7013 -10.12129 curveto
40.53722 -10.28539 40.445 -10.50793 40.445 -10.74 curveto
40.445 -10.97208 40.53722 -11.19463 40.7013 -11.35872 curveto
40.86539 -11.5228 41.08794 -11.615 41.32 -11.615 curveto
41.55208 -11.615 41.77463 -11.5228 41.93872 -11.35872 curveto
42.1028 -11.19463 42.195 -10.97208 42.195 -10.74 curveto closepath fill
 0.1 0.88333 0 0.4 setcmykcolor
newpath 42.195 -10.74 moveto
42.195 -10.50793 42.1028 -10.28539 41.93872 -10.12129 curveto
41.77463 -9.95721 41.55208 -9.865 41.32 -9.865 curveto
41.08794 -9.865 40.86539 -9.95721 40.7013 -10.12129 curveto
40.53722 -10.28539 40.445 -10.50793 40.445 -10.74 curveto
40.445 -10.97208 40.53722 -11.19463 40.7013 -11.35872 curveto
40.86539 -11.5228 41.08794 -11.615 41.32 -11.615 curveto
41.55208 -11.615 41.77463 -11.5228 41.93872 -11.35872 curveto
42.1028 -11.19463 42.195 -10.97208 42.195 -10.74 curveto closepath stroke
-1 THsetalpha
 0 0 0.2 0 setcmykcolor
newpath 31.385 0.85 moveto
31.385 1.08208 31.29279 1.30463 31.12871 1.46872 curveto
30.96461 1.6328 30.74207 1.725 30.51 1.725 curveto
30.27792 1.725 30.05537 1.6328 29.89128 1.46872 curveto
29.7272 1.30463 29.635 1.08208 29.635 0.85 curveto
29.635 0.61794 29.7272 0.39539 29.89128 0.2313 curveto
30.05537 0.06721 30.27792 -0.025 30.51 -0.025 curveto
30.74207 -0.025 30.96461 0.06721 31.12871 0.2313 curveto
31.29279 0.39539 31.385 0.61794 31.385 0.85 curveto closepath fill
 0.1 0.88333 0 0.4 setcmykcolor
newpath 31.385 0.85 moveto
31.385 1.08208 31.29279 1.30463 31.12871 1.46872 curveto
30.96461 1.6328 30.74207 1.725 30.51 1.725 curveto
30.27792 1.725 30.05537 1.6328 29.89128 1.46872 curveto
29.7272 1.30463 29.635 1.08208 29.635 0.85 curveto
29.635 0.61794 29.7272 0.39539 29.89128 0.2313 curveto
30.05537 0.06721 30.27792 -0.025 30.51 -0.025 curveto
30.74207 -0.025 30.96461 0.06721 31.12871 0.2313 curveto
31.29279 0.39539 31.385 0.61794 31.385 0.85 curveto closepath stroke
-1 THsetalpha
 0 0 0.2 0 setcmykcolor
newpath 33.945 8.09 moveto
33.945 8.32207 33.8528 8.54462 33.68872 8.70871 curveto
33.52463 8.87279 33.30208 8.965 33.07 8.965 curveto
32.83794 8.965 32.61539 8.87279 32.4513 8.70871 curveto
32.28722 8.54462 32.195 8.32207 32.195 8.09 curveto
32.195 7.85793 32.28722 7.63538 32.4513 7.47128 curveto
32.61539 7.3072 32.83794 7.215 33.07 7.215 curveto
33.30208 7.215 33.52463 7.3072 33.68872 7.47128 curveto
33.8528 7.63538 33.945 7.85793 33.945 8.09 curveto closepath fill
 0.1 0.88333 0 0.4 setcmykcolor
newpath 33.945 8.09 moveto
33.945 8.32207 33.8528 8.54462 33.68872 8.70871 curveto
33.52463 8.87279 33.30208 8.965 33.07 8.965 curveto
32.83794 8.965 32.61539 8.87279 32.4513 8.70871 curveto
32.28722 8.54462 32.195 8.32207 32.195 8.09 curveto
32.195 7.85793 32.28722 7.63538 32.4513 7.47128 curveto
32.61539 7.3072 32.83794 7.215 33.07 7.215 curveto
33.30208 7.215 33.52463 7.3072 33.68872 7.47128 curveto
33.8528 7.63538 33.945 7.85793 33.945 8.09 curveto closepath stroke
-1 THsetalpha
 0 0 0.2 0 setcmykcolor
newpath 21.665 24.58 moveto
21.665 24.81207 21.57278 25.03462 21.4087 25.19872 curveto
21.24461 25.3628 21.02206 25.455 20.79 25.455 curveto
20.55792 25.455 20.33537 25.3628 20.17128 25.19872 curveto
20.0072 25.03462 19.915 24.81207 19.915 24.58 curveto
19.915 24.34793 20.0072 24.12538 20.17128 23.96129 curveto
20.33537 23.79721 20.55792 23.705 20.79 23.705 curveto
21.02206 23.705 21.24461 23.79721 21.4087 23.96129 curveto
21.57278 24.12538 21.665 24.34793 21.665 24.58 curveto closepath fill
 0.1 0.88333 0 0.4 setcmykcolor
newpath 21.665 24.58 moveto
21.665 24.81207 21.57278 25.03462 21.4087 25.19872 curveto
21.24461 25.3628 21.02206 25.455 20.79 25.455 curveto
20.55792 25.455 20.33537 25.3628 20.17128 25.19872 curveto
20.0072 25.03462 19.915 24.81207 19.915 24.58 curveto
19.915 24.34793 20.0072 24.12538 20.17128 23.96129 curveto
20.33537 23.79721 20.55792 23.705 20.79 23.705 curveto
21.02206 23.705 21.24461 23.79721 21.4087 23.96129 curveto
21.57278 24.12538 21.665 24.34793 21.665 24.58 curveto closepath stroke
-1 THsetalpha
 0 0 0.2 0 setcmykcolor
newpath 12.325 41.64 moveto
12.325 41.87207 12.23279 42.09462 12.06871 42.25871 curveto
11.90462 42.42279 11.68207 42.515 11.45 42.515 curveto
11.21793 42.515 10.99538 42.42279 10.83128 42.25871 curveto
10.6672 42.09462 10.575 41.87207 10.575 41.64 curveto
10.575 41.40793 10.6672 41.18538 10.83128 41.02129 curveto
10.99538 40.85721 11.21793 40.765 11.45 40.765 curveto
11.68207 40.765 11.90462 40.85721 12.06871 41.02129 curveto
12.23279 41.18538 12.325 41.40793 12.325 41.64 curveto closepath fill
 0.1 0.88333 0 0.4 setcmykcolor
newpath 12.325 41.64 moveto
12.325 41.87207 12.23279 42.09462 12.06871 42.25871 curveto
11.90462 42.42279 11.68207 42.515 11.45 42.515 curveto
11.21793 42.515 10.99538 42.42279 10.83128 42.25871 curveto
10.6672 42.09462 10.575 41.87207 10.575 41.64 curveto
10.575 41.40793 10.6672 41.18538 10.83128 41.02129 curveto
10.99538 40.85721 11.21793 40.765 11.45 40.765 curveto
11.68207 40.765 11.90462 40.85721 12.06871 41.02129 curveto
12.23279 41.18538 12.325 41.40793 12.325 41.64 curveto closepath stroke
-1 THsetalpha
 0 0 0.2 0 setcmykcolor
newpath 14.225 40.76 moveto
14.225 40.99207 14.1328 41.21461 13.96872 41.37871 curveto
13.80463 41.54279 13.58208 41.635 13.35 41.635 curveto
13.11794 41.635 12.89539 41.54279 12.7313 41.37871 curveto
12.56721 41.21461 12.475 40.99207 12.475 40.76 curveto
12.475 40.52792 12.56721 40.30537 12.7313 40.14128 curveto
12.89539 39.9772 13.11794 39.885 13.35 39.885 curveto
13.58208 39.885 13.80463 39.9772 13.96872 40.14128 curveto
14.1328 40.30537 14.225 40.52792 14.225 40.76 curveto closepath fill
 0.1 0.88333 0 0.4 setcmykcolor
newpath 14.225 40.76 moveto
14.225 40.99207 14.1328 41.21461 13.96872 41.37871 curveto
13.80463 41.54279 13.58208 41.635 13.35 41.635 curveto
13.11794 41.635 12.89539 41.54279 12.7313 41.37871 curveto
12.56721 41.21461 12.475 40.99207 12.475 40.76 curveto
12.475 40.52792 12.56721 40.30537 12.7313 40.14128 curveto
12.89539 39.9772 13.11794 39.885 13.35 39.885 curveto
13.58208 39.885 13.80463 39.9772 13.96872 40.14128 curveto
14.1328 40.30537 14.225 40.52792 14.225 40.76 curveto closepath stroke
-1 THsetalpha
 0 0 0.2 0 setcmykcolor
newpath 8.715 53.93 moveto
8.715 54.16206 8.62279 54.38461 8.45871 54.5487 curveto
8.29462 54.71278 8.07207 54.805 7.84 54.805 curveto
7.60793 54.805 7.38538 54.71278 7.22128 54.5487 curveto
7.0572 54.38461 6.965 54.16206 6.965 53.93 curveto
6.965 53.69792 7.0572 53.47537 7.22128 53.31128 curveto
7.38538 53.1472 7.60793 53.055 7.84 53.055 curveto
8.07207 53.055 8.29462 53.1472 8.45871 53.31128 curveto
8.62279 53.47537 8.715 53.69792 8.715 53.93 curveto closepath fill
 0.1 0.88333 0 0.4 setcmykcolor
newpath 8.715 53.93 moveto
8.715 54.16206 8.62279 54.38461 8.45871 54.5487 curveto
8.29462 54.71278 8.07207 54.805 7.84 54.805 curveto
7.60793 54.805 7.38538 54.71278 7.22128 54.5487 curveto
7.0572 54.38461 6.965 54.16206 6.965 53.93 curveto
6.965 53.69792 7.0572 53.47537 7.22128 53.31128 curveto
7.38538 53.1472 7.60793 53.055 7.84 53.055 curveto
8.07207 53.055 8.29462 53.1472 8.45871 53.31128 curveto
8.62279 53.47537 8.715 53.69792 8.715 53.93 curveto closepath stroke
-1 THsetalpha
 0 0 0.2 0 setcmykcolor
newpath -1.215 58.56 moveto
-1.215 58.79207 -1.3072 59.01462 -1.47128 59.17871 curveto
-1.63538 59.34279 -1.85793 59.435 -2.09 59.435 curveto
-2.32207 59.435 -2.54462 59.34279 -2.70871 59.17871 curveto
-2.87279 59.01462 -2.965 58.79207 -2.965 58.56 curveto
-2.965 58.32793 -2.87279 58.10538 -2.70871 57.94128 curveto
-2.54462 57.7772 -2.32207 57.685 -2.09 57.685 curveto
-1.85793 57.685 -1.63538 57.7772 -1.47128 57.94128 curveto
-1.3072 58.10538 -1.215 58.32793 -1.215 58.56 curveto closepath fill
 0.1 0.88333 0 0.4 setcmykcolor
newpath -1.215 58.56 moveto
-1.215 58.79207 -1.3072 59.01462 -1.47128 59.17871 curveto
-1.63538 59.34279 -1.85793 59.435 -2.09 59.435 curveto
-2.32207 59.435 -2.54462 59.34279 -2.70871 59.17871 curveto
-2.87279 59.01462 -2.965 58.79207 -2.965 58.56 curveto
-2.965 58.32793 -2.87279 58.10538 -2.70871 57.94128 curveto
-2.54462 57.7772 -2.32207 57.685 -2.09 57.685 curveto
-1.85793 57.685 -1.63538 57.7772 -1.47128 57.94128 curveto
-1.3072 58.10538 -1.215 58.32793 -1.215 58.56 curveto closepath stroke
-1 THsetalpha
 0 0 0.2 0 setcmykcolor
newpath 17.655 57.92 moveto
17.655 58.15207 17.56279 58.37462 17.39871 58.53871 curveto
17.23462 58.70279 17.01207 58.795 16.78 58.795 curveto
16.54793 58.795 16.32538 58.70279 16.16129 58.53871 curveto
15.99721 58.37462 15.905 58.15207 15.905 57.92 curveto
15.905 57.68793 15.99721 57.46538 16.16129 57.30128 curveto
16.32538 57.1372 16.54793 57.045 16.78 57.045 curveto
17.01207 57.045 17.23462 57.1372 17.39871 57.30128 curveto
17.56279 57.46538 17.655 57.68793 17.655 57.92 curveto closepath fill
 0.1 0.88333 0 0.4 setcmykcolor
newpath 17.655 57.92 moveto
17.655 58.15207 17.56279 58.37462 17.39871 58.53871 curveto
17.23462 58.70279 17.01207 58.795 16.78 58.795 curveto
16.54793 58.795 16.32538 58.70279 16.16129 58.53871 curveto
15.99721 58.37462 15.905 58.15207 15.905 57.92 curveto
15.905 57.68793 15.99721 57.46538 16.16129 57.30128 curveto
16.32538 57.1372 16.54793 57.045 16.78 57.045 curveto
17.01207 57.045 17.23462 57.1372 17.39871 57.30128 curveto
17.56279 57.46538 17.655 57.68793 17.655 57.92 curveto closepath stroke
-1 THsetalpha
 0 0 0.2 0 setcmykcolor
newpath 5.025 64.89 moveto
5.025 65.12207 4.93279 65.34462 4.7687 65.50871 curveto
4.60461 65.67279 4.38206 65.765 4.15 65.765 curveto
3.91792 65.765 3.69537 65.67279 3.53128 65.50871 curveto
3.3672 65.34462 3.275 65.12207 3.275 64.89 curveto
3.275 64.65793 3.3672 64.43538 3.53128 64.27129 curveto
3.69537 64.10721 3.91792 64.015 4.15 64.015 curveto
4.38206 64.015 4.60461 64.10721 4.7687 64.27129 curveto
4.93279 64.43538 5.025 64.65793 5.025 64.89 curveto closepath fill
 0.1 0.88333 0 0.4 setcmykcolor
newpath 5.025 64.89 moveto
5.025 65.12207 4.93279 65.34462 4.7687 65.50871 curveto
4.60461 65.67279 4.38206 65.765 4.15 65.765 curveto
3.91792 65.765 3.69537 65.67279 3.53128 65.50871 curveto
3.3672 65.34462 3.275 65.12207 3.275 64.89 curveto
3.275 64.65793 3.3672 64.43538 3.53128 64.27129 curveto
3.69537 64.10721 3.91792 64.015 4.15 64.015 curveto
4.38206 64.015 4.60461 64.10721 4.7687 64.27129 curveto
4.93279 64.43538 5.025 64.65793 5.025 64.89 curveto closepath stroke
-1 THsetalpha
 0 0 0.2 0 setcmykcolor
newpath 14.165 75.63 moveto
14.165 75.86208 14.07278 76.08463 13.9087 76.24872 curveto
13.74461 76.4128 13.52206 76.505 13.29 76.505 curveto
13.05792 76.505 12.83537 76.4128 12.67128 76.24872 curveto
12.5072 76.08463 12.415 75.86208 12.415 75.63 curveto
12.415 75.39793 12.5072 75.17538 12.67128 75.01129 curveto
12.83537 74.84721 13.05792 74.755 13.29 74.755 curveto
13.52206 74.755 13.74461 74.84721 13.9087 75.01129 curveto
14.07278 75.17538 14.165 75.39793 14.165 75.63 curveto closepath fill
 0.1 0.88333 0 0.4 setcmykcolor
newpath 14.165 75.63 moveto
14.165 75.86208 14.07278 76.08463 13.9087 76.24872 curveto
13.74461 76.4128 13.52206 76.505 13.29 76.505 curveto
13.05792 76.505 12.83537 76.4128 12.67128 76.24872 curveto
12.5072 76.08463 12.415 75.86208 12.415 75.63 curveto
12.415 75.39793 12.5072 75.17538 12.67128 75.01129 curveto
12.83537 74.84721 13.05792 74.755 13.29 74.755 curveto
13.52206 74.755 13.74461 74.84721 13.9087 75.01129 curveto
14.07278 75.17538 14.165 75.39793 14.165 75.63 curveto closepath stroke
-1 THsetalpha
 0 0 0.2 0 setcmykcolor
newpath 6.075 82.68 moveto
6.075 82.91206 5.98279 83.13461 5.81871 83.2987 curveto
5.65462 83.46278 5.43207 83.555 5.2 83.555 curveto
4.96793 83.555 4.74538 83.46278 4.58128 83.2987 curveto
4.4172 83.13461 4.325 82.91206 4.325 82.68 curveto
4.325 82.44792 4.4172 82.22537 4.58128 82.06128 curveto
4.74538 81.8972 4.96793 81.805 5.2 81.805 curveto
5.43207 81.805 5.65462 81.8972 5.81871 82.06128 curveto
5.98279 82.22537 6.075 82.44792 6.075 82.68 curveto closepath fill
 0.1 0.88333 0 0.4 setcmykcolor
newpath 6.075 82.68 moveto
6.075 82.91206 5.98279 83.13461 5.81871 83.2987 curveto
5.65462 83.46278 5.43207 83.555 5.2 83.555 curveto
4.96793 83.555 4.74538 83.46278 4.58128 83.2987 curveto
4.4172 83.13461 4.325 82.91206 4.325 82.68 curveto
4.325 82.44792 4.4172 82.22537 4.58128 82.06128 curveto
4.74538 81.8972 4.96793 81.805 5.2 81.805 curveto
5.43207 81.805 5.65462 81.8972 5.81871 82.06128 curveto
5.98279 82.22537 6.075 82.44792 6.075 82.68 curveto closepath stroke
-1 THsetalpha
 0 0 0.2 0 setcmykcolor
newpath -4.765 89.66 moveto
-4.765 89.89207 -4.85721 90.11462 -5.02129 90.27872 curveto
-5.18538 90.4428 -5.40793 90.535 -5.64 90.535 curveto
-5.87207 90.535 -6.09462 90.4428 -6.25871 90.27872 curveto
-6.42279 90.11462 -6.515 89.89207 -6.515 89.66 curveto
-6.515 89.42793 -6.42279 89.20538 -6.25871 89.04129 curveto
-6.09462 88.87721 -5.87207 88.785 -5.64 88.785 curveto
-5.40793 88.785 -5.18538 88.87721 -5.02129 89.04129 curveto
-4.85721 89.20538 -4.765 89.42793 -4.765 89.66 curveto closepath fill
 0.1 0.88333 0 0.4 setcmykcolor
newpath -4.765 89.66 moveto
-4.765 89.89207 -4.85721 90.11462 -5.02129 90.27872 curveto
-5.18538 90.4428 -5.40793 90.535 -5.64 90.535 curveto
-5.87207 90.535 -6.09462 90.4428 -6.25871 90.27872 curveto
-6.42279 90.11462 -6.515 89.89207 -6.515 89.66 curveto
-6.515 89.42793 -6.42279 89.20538 -6.25871 89.04129 curveto
-6.09462 88.87721 -5.87207 88.785 -5.64 88.785 curveto
-5.40793 88.785 -5.18538 88.87721 -5.02129 89.04129 curveto
-4.85721 89.20538 -4.765 89.42793 -4.765 89.66 curveto closepath stroke
-1 THsetalpha
 0 0 0.2 0 setcmykcolor
newpath -15.355 91.82 moveto
-15.355 92.05208 -15.4472 92.27463 -15.61128 92.43872 curveto
-15.77538 92.6028 -15.99792 92.695 -16.23 92.695 curveto
-16.46207 92.695 -16.68462 92.6028 -16.84871 92.43872 curveto
-17.01279 92.27463 -17.105 92.05208 -17.105 91.82 curveto
-17.105 91.58794 -17.01279 91.36539 -16.84871 91.2013 curveto
-16.68462 91.03722 -16.46207 90.945 -16.23 90.945 curveto
-15.99792 90.945 -15.77538 91.03722 -15.61128 91.2013 curveto
-15.4472 91.36539 -15.355 91.58794 -15.355 91.82 curveto closepath fill
 0.1 0.88333 0 0.4 setcmykcolor
newpath -15.355 91.82 moveto
-15.355 92.05208 -15.4472 92.27463 -15.61128 92.43872 curveto
-15.77538 92.6028 -15.99792 92.695 -16.23 92.695 curveto
-16.46207 92.695 -16.68462 92.6028 -16.84871 92.43872 curveto
-17.01279 92.27463 -17.105 92.05208 -17.105 91.82 curveto
-17.105 91.58794 -17.01279 91.36539 -16.84871 91.2013 curveto
-16.68462 91.03722 -16.46207 90.945 -16.23 90.945 curveto
-15.99792 90.945 -15.77538 91.03722 -15.61128 91.2013 curveto
-15.4472 91.36539 -15.355 91.58794 -15.355 91.82 curveto closepath stroke
showpage
%%EOF
