%!PS
%%BoundingBox: -167 -47 173 30 
%%HiResBoundingBox: -166.35251 -46.32056 172.02815 29.03043 
%%Creator: MetaPost 1.999
%%CreationDate: 2021.08.16:1551
%%Pages: 1
%%BeginProlog
%%EndProlog
%%Page: 1 1
 0 0.24501 dtransform truncate idtransform setlinewidth pop [] 0 setdash
 1 setlinecap 1 setlinejoin 10 setmiterlimit
newpath 6.66 -19.65 moveto
7.93 -20.18 7.87 -21.39 10.65 -21.27 curveto
13.44 -21.15 12.31 -20.22 15.23 -20.91 curveto
18.15 -21.6 21.27 -22.29 23.93 -22.85 curveto
26.58 -23.4 26.65 -22.54 29.31 -23.23 curveto
31.96 -23.92 31.96 -23.58 35.95 -24.15 curveto
39.93 -24.72 40.47 -24.46 43.39 -25.01 curveto
46.31 -25.57 48.44 -25.92 51.16 -26.48 curveto
53.88 -27.03 56.09 -27.23 58.23 -28.85 curveto
60.37 -30.47 65.14 -33.34 67.49 -34.07 curveto
69.84 -34.8 73.28 -36.88 74.7 -37.91 curveto
76.12 -38.94 78.56 -41.32 80.22 -43.03 curveto
81.89 -44.74 85.24 -46.68 87.62 -46.09 curveto
90.02 -45.49 93.68 -42.97 96.64 -42.24 curveto
99.61 -41.51 100.92 -40.82 103.81 -39.69 curveto
106.7 -38.57 109.43 -36.71 113.06 -35.64 curveto
116.68 -34.57 123.65 -32.03 125.66 -31.06 curveto
127.67 -30.08 130.3 -29.99 130.79 -28.49 curveto
131.27 -27 131.4 -26.79 130.95 -25.47 curveto
130.5 -24.14 129.95 -23.83 131.92 -22.95 curveto
133.88 -22.06 134.83 -22.43 137.13 -20.75 curveto
139.39 -19.11 142.25 -16.72 145.03 -15.71 curveto
147.9 -14.67 150.29 -13.67 153.3 -12.17 curveto
156.35 -10.65 163.47 -6.54 166.21 -5.14 curveto
168.97 -3.72 170.86 -3.75 171.25 -1.64 curveto
171.64 0.47 172.35 1.86 171.52 2.36 curveto
170.69 2.84 170.62 3.88 170.62 3.88 curveto stroke
newpath 167.88 3.54 moveto
167.88 3.54 168.49 2.67 168.05 1.72 curveto
167.6 0.77 168.04 0.35 165.84 0.37 curveto
163.67 0.38 160.96 0.59 158.72 0.6 curveto
156.49 0.61 151.29 0.63 149.2 0.64 curveto
147.1 0.64 145.28 0.99 142.45 1.06 curveto
139.61 1.14 138.13 1.08 135.42 0.95 curveto
132.71 0.83 131.33 1.75 129.02 0.67 curveto
126.7 -0.42 124.48 -0.13 123.7 -2.81 curveto
122.91 -5.51 122.91 -7.18 123.08 -9.9 curveto
123.25 -12.6 124.75 -14.97 123.1 -16.47 curveto
121.51 -17.93 116.99 -19.59 114.76 -20.56 curveto
112.53 -21.54 103.92 -24.71 100.52 -26.19 curveto
97.13 -27.67 92.93 -29.19 91.4 -29.43 curveto
89.89 -29.67 87.84 -30.49 86.05 -29.08 curveto
84.25 -27.66 81.55 -26.58 79.85 -25 curveto
78.13 -23.41 76.33 -23.34 74.14 -21.86 curveto
71.94 -20.38 68.62 -18.55 66.79 -17.25 curveto
64.96 -15.94 63.58 -15.32 62.41 -14.11 curveto
61.24 -12.89 59.63 -10.41 59.63 -10.41 curveto stroke
newpath 56.65 -10.02 moveto
56.65 -10.02 58.53 -12.71 57.45 -13.41 curveto
56.38 -14.12 53.16 -14.26 51.01 -14.29 curveto
48.87 -14.33 45.7 -15.11 43.16 -15.22 curveto
40.63 -15.34 39.9 -15.26 37.1 -15.57 curveto
34.3 -15.88 30.18 -15.92 28.05 -16.03 curveto
25.92 -16.14 22.13 -15.91 19.47 -16.35 curveto
16.8 -16.8 14.74 -16.91 12.82 -16.89 curveto
10.9 -16.86 9.55 -18.06 9.65 -16.13 curveto stroke
newpath 5.55 -6.02 moveto
4.92 -4.71 3.85 0.12 2.67 1.81 curveto
1.5 3.47 0.8 7.3 -0.56 9.37 curveto
-1.93 11.44 -2.75 13.99 -3.71 16.33 curveto
-4.67 18.67 -5.17 21.89 -6.39 23.62 curveto
-7.61 25.36 -7.71 27.86 -9.55 28.09 curveto
-11.4 28.32 -13.67 29.44 -15.38 28.6 curveto
-17.1 27.75 -16.69 27.03 -18.94 26.82 curveto
-21.19 26.61 -24.49 26.58 -27.14 26.59 curveto
-29.72 26.61 -30.45 27.63 -33.22 27.52 curveto
-35.99 27.42 -39.25 28.22 -40.02 26.44 curveto
-40.78 24.66 -39.26 22.35 -40.09 21.12 curveto
-40.9 19.89 -44.98 18.57 -48.29 17.51 curveto
-51.61 16.45 -54.58 15.38 -57.49 14.11 curveto
-60.39 12.84 -62.75 13.5 -63.53 11.14 curveto
-64.32 8.74 -64.94 9.03 -64.45 7.04 curveto
-63.97 5.07 -62.7 2.19 -62.77 0.5 curveto
-62.84 -1.19 -63.17 -2.62 -64.68 -1.37 curveto
-66.2 -0.11 -67.24 0.17 -67.23 1.91 curveto
-67.22 3.65 -67.29 4 -68.6 5.61 curveto
-69.92 7.21 -72.2 9.87 -73.53 12.43 curveto
-74.84 14.96 -75.27 17.77 -76.72 19.41 curveto
-78.17 21.05 -79.71 23.78 -80.47 24.6 curveto
-81.22 25.4 -81.76 24.85 -83.9 24.9 curveto
-86.04 24.94 -86.58 25.46 -87.78 25.8 curveto
-89 26.14 -90.31 26.76 -90.85 25.52 curveto
-91.4 24.27 -91.59 22.15 -90.67 19.89 curveto
-89.76 17.62 -87.41 16.48 -89.1 15.57 curveto
-90.79 14.67 -91 14.19 -93.92 14.01 curveto
-96.84 13.84 -98.43 13.96 -100.38 13.68 curveto
-102.33 13.4 -103.79 13.31 -104.9 13.35 curveto
-106.01 13.39 -107.33 13.43 -107.33 13.43 curveto stroke
newpath -108.64 13.54 moveto
-108.64 13.54 -113.99 13.28 -115.51 13.31 curveto
-117.03 13.34 -119.27 12.56 -121.91 12.04 curveto
-124.55 11.52 -130.53 9.63 -131.94 7.97 curveto
-133.36 6.32 -135.67 0.92 -136.67 -1.3 curveto
-137.67 -3.52 -135.8 -6.88 -137.18 -7.43 curveto
-138.56 -7.97 -140.34 -7.4 -141.44 -8.08 curveto stroke
newpath -141.44 -8.08 moveto
-141.44 -8.08 -155 -17.98 -157.33 -17.55 curveto
-159.66 -17.11 -160.76 -17.1 -161.47 -20.15 curveto
-162.18 -23.2 -166.23 -33.16 -166.23 -33.16 curveto stroke
newpath -153.18 -33.42 moveto
-153.18 -33.42 -157.78 -21.85 -156.67 -20.47 curveto
-155.56 -19.09 -148.12 -16.09 -148.12 -16.09 curveto stroke
newpath -148.12 -16.09 moveto
-148.12 -16.09 -136.8 -10.08 -135.98 -9.95 curveto
-135.15 -9.82 -133.61 -7.19 -134 -6.06 curveto
-134.4 -4.94 -135.34 -3.54 -133.95 -2.72 curveto
-132.56 -1.89 -130.35 -1.08 -130.04 1.01 curveto
-129.72 3.09 -129.4 5.18 -127.02 6.68 curveto
-124.64 8.19 -122.45 7.89 -118.69 8.94 curveto
-114.93 9.98 -107.79 10.05 -107.79 10.05 curveto stroke
newpath -107.79 10.05 moveto
-107.79 10.05 -104.96 9.61 -102.66 9.87 curveto
-100.37 10.14 -99.78 10.89 -97.43 10.8 curveto
-95.07 10.72 -95.71 10.23 -92.48 10.95 curveto
-89.22 11.68 -91.34 11.46 -90.14 11.43 curveto
-88.95 11.41 -85.87 11.89 -85.98 13.63 curveto
-86.09 15.4 -86.71 17.48 -86.71 18.63 curveto
-86.72 19.78 -86.29 19.07 -85.71 19.99 curveto
-85.14 20.89 -84.59 21.64 -85.2 22.11 curveto
-85.8 22.58 -88.43 23.46 -87.02 23.58 curveto
-85.63 23.7 -82.89 23.36 -82.01 22.27 curveto
-81.13 21.16 -79.93 17.13 -79.1 15.21 curveto
-78.27 13.3 -76.41 8.71 -74.91 7.46 curveto
-73.39 6.2 -72.09 4.65 -70.7 3.18 curveto
-69.32 1.72 -68.78 -0.16 -67.81 -1.7 curveto
-66.85 -3.24 -66.64 -3.72 -65.47 -4.84 curveto
-64.29 -5.96 -62.63 -8 -61.72 -7.79 curveto
-60.81 -7.58 -60.32 -8.22 -59.82 -5.7 curveto
-59.33 -3.16 -59.19 -3.37 -59.54 -0.98 curveto
-59.89 1.42 -61.07 6.33 -59.96 8.31 curveto
-58.87 10.26 -57.79 11.7 -54.27 12.9 curveto
-50.74 14.1 -47.84 15.09 -45.15 15.68 curveto
-42.46 16.27 -41.63 16.67 -39.62 17.2 curveto
-37.61 17.72 -37.06 17.72 -37.05 19.17 curveto
-37.05 20.63 -38.29 22.76 -36.93 23.61 curveto
-35.62 24.42 -34.81 24.02 -32.39 23.85 curveto
-29.95 23.69 -28.15 23.14 -25.84 23.35 curveto
-23.46 23.56 -21.55 23.89 -19.35 24.94 curveto
-17.14 25.99 -15.67 26.22 -13.92 25.96 curveto
-12.14 25.7 -10.77 25.68 -10.09 24 curveto
-9.4 22.33 -8.91 19.38 -8.15 17.43 curveto
-7.4 15.49 -5.89 10.94 -4.39 8.66 curveto
-2.89 6.39 -2.54 5.32 -1.66 2.98 curveto
-0.78 0.63 0.56 -0.73 1.06 -3.14 curveto
1.55 -5.56 1.76 -6.04 2.6 -8.65 curveto stroke
showpage
%%EOF
