%!PS
%%BoundingBox: -29 -39 29 42 
%%HiResBoundingBox: -28.52504 -38.76569 28.28 41.40503 
%%Creator: MetaPost 1.999
%%CreationDate: 2021.08.16:1551
%%Pages: 1
%%BeginProlog
%%EndProlog
%%Page: 1 1
 0 0 0 1 setcmykcolor 0 0.7 dtransform truncate idtransform setlinewidth pop
 [] 0 setdash 1 setlinecap 1 setlinejoin 10 setmiterlimit
newpath 27.65 -22.85 moveto
27.65 -22.85 24.06 -24.3 23.2 -25.31 curveto
22.23 -26.42 21.69 -27.18 21.65 -29.57 curveto
21.61 -31.92 22.56 -34.73 20.17 -33.87 curveto
17.8 -33.02 7.43 -28.35 6.37 -30.13 curveto
5.28 -31.93 5.66 -35.71 4.04 -34.99 curveto
2.41 -34.27 2.78 -35.71 0.97 -32.66 curveto
-0.84 -29.6 -2.02 -26.1 -3.7 -23.33 curveto
-5.42 -20.52 -6.15 -19.15 -6.04 -16.65 curveto
-5.93 -14.17 -5.58 -7.74 -6.95 -6.64 curveto
-8.28 -5.58 -12.11 -1.49 -12.85 -0.29 curveto
-13.57 0.87 -9.42 14.66 -9.44 17 curveto
-9.45 19.37 -7.78 24.06 -8.36 25.92 curveto
-8.93 27.73 -9.64 29 -9.61 30.76 curveto
-9.57 32.52 -9.35 34.11 -9.35 34.11 curveto stroke
newpath -10.71 33.93 moveto
-10.71 33.93 -11.23 30.95 -11.97 29.52 curveto
-12.7 28.09 -16.62 28.94 -16.59 26.86 curveto
-16.56 24.74 -15.24 3.47 -16.97 3.1 curveto
-18.59 2.76 -21.69 3.82 -21.69 3.82 curveto stroke
newpath -22.85 0.99 moveto
-22.85 0.99 -19.31 -0.93 -16.58 -2.94 curveto
-13.04 -5.55 -9.1 -5.52 -8.46 -8.73 curveto
-7.81 -12.03 -8.47 -17.28 -7.58 -19.24 curveto
-6.67 -21.24 -3.45 -28.87 -2.55 -30.41 curveto
-1.64 -31.95 0.16 -34.9 1.7 -36.52 curveto
3.23 -38.15 4.85 -39.13 5.75 -37.78 curveto
6.64 -36.43 6.01 -33.19 8.52 -33.66 curveto
11.02 -34.14 20.92 -37.28 22.11 -36.63 curveto
23.28 -35.99 23.87 -34.57 23.8 -33.33 curveto
23.73 -32.09 25.43 -30.67 26.22 -30.07 curveto
26.93 -29.52 27.24 -29.02 27.24 -29.02 curveto stroke
 0.83 0.54 0 0 setcmykcolor 0 0.24501
 dtransform truncate idtransform setlinewidth pop
newpath 9.15 -31.87 moveto
10.46501 -31.25162 12.05249 -31.63013 12.55663 -32.89998 curveto
13.0364 -34.10849 14.58287 -34.23363 15.96323 -33.92998 curveto
17.17096 -33.6643 18.20767 -34.60857 19.37 -34.96 curveto
19.37 -34.96 lineto stroke
newpath 15.41776 -35.57603 moveto
15.55792 -35.49355 15.69525 -35.40503 15.82838 -35.31213 curveto
16.84251 -34.60449 18.16167 -35.08012 19.37 -34.96 curveto
19.37 -34.96 lineto
19.37 -34.96 lineto
18.43065 -34.1905 17.83421 -32.92139 16.61674 -32.70465 curveto
16.45691 -32.67621 16.29721 -32.64168 16.13977 -32.60088 curveto
 closepath stroke
newpath 15.41776 -35.57603 moveto
15.55792 -35.49355 15.69525 -35.40503 15.82838 -35.31213 curveto
16.84251 -34.60449 18.16167 -35.08012 19.37 -34.96 curveto
19.37 -34.96 lineto
19.37 -34.96 lineto
18.43065 -34.1905 17.83421 -32.92139 16.61674 -32.70465 curveto
16.45691 -32.67621 16.29721 -32.64168 16.13977 -32.60088 curveto
 closepath fill
 0 0 0 1 setcmykcolor 0 0.35 dtransform truncate idtransform setlinewidth pop
newpath -28.35004 6.27998 moveto
-28.35004 7.21338 -26.94995 7.21338 -26.94995 6.27998 curveto
-26.94995 5.6284 -27.65 5.18156 -27.65 4.52998 curveto stroke
 0 0.84 dtransform truncate idtransform setlinewidth pop
newpath -27.65 3.48003 moveto 0 0 rlineto stroke
 0 0.35 dtransform truncate idtransform setlinewidth pop
newpath -10.87004 40.52998 moveto
-10.87004 41.46338 -9.46996 41.46338 -9.46996 40.52998 curveto
-9.46996 39.8784 -10.17 39.43156 -10.17 38.77998 curveto stroke
 0 0.84 dtransform truncate idtransform setlinewidth pop
newpath -10.17 37.73003 moveto 0 0 rlineto stroke
 0.35 0 dtransform exch truncate exch idtransform pop setlinewidth
newpath -3.99004 30.00005 moveto
-3.99004 35.59996 lineto stroke
newpath -2.58995 30.00005 moveto
-2.58995 35.59996 lineto stroke
 0.83 0.54 0 0 setcmykcolor 0 0.24501
 dtransform truncate idtransform setlinewidth pop
newpath -11.81 27.38 moveto
-10.77579 26.48761 -11.39056 24.91763 -12.308 23.68597 curveto
-13.16864 22.53056 -13.66277 21.03319 -12.79454 19.99008 curveto
-11.93481 18.95718 -12.55638 17.51517 -13.26775 16.29276 curveto
-14.1297 14.81158 -15.02652 13.1113 -13.72144 12.59277 curveto
-12.45006 12.08765 -12.93942 10.2735 -14.13762 8.88887 curveto
-15.0166 7.87311 -15.00546 6.40347 -14.417 5.17287 curveto
-13.76682 3.81317 -13.75912 2.16107 -14.96182 1.4869 curveto
-16.15253 0.81944 -14.99963 -0.6763 -13.88 -1.96 curveto
-13.88 -1.96 lineto stroke
newpath -15.85457 1.51868 moveto
-15.91306 1.26974 -16.02489 1.031 -16.19856 0.81049 curveto
-17.0432 -0.26183 -15.40565 -1.20248 -13.88 -1.96 curveto
-13.88 -1.96 lineto
-13.88 -1.96 lineto
-14.42314 -0.34555 -14.91585 1.47752 -13.56038 1.63849 curveto
-13.28163 1.6716 -13.03375 1.76135 -12.81636 1.896 curveto
 closepath stroke
newpath -15.85457 1.51868 moveto
-15.91306 1.26974 -16.02489 1.031 -16.19856 0.81049 curveto
-17.0432 -0.26183 -15.40565 -1.20248 -13.88 -1.96 curveto
-13.88 -1.96 lineto
-13.88 -1.96 lineto
-14.42314 -0.34555 -14.91585 1.47752 -13.56038 1.63849 curveto
-13.28163 1.6716 -13.03375 1.76135 -12.81636 1.896 curveto
 closepath fill
-1 THsetalpha
 0 0 0.2 0 setcmykcolor
newpath 28.105 -27.56 moveto
28.105 -27.32793 28.01279 -27.10538 27.84871 -26.94128 curveto
27.68462 -26.7772 27.46207 -26.685 27.23 -26.685 curveto
26.99792 -26.685 26.77538 -26.7772 26.61128 -26.94128 curveto
26.4472 -27.10538 26.355 -27.32793 26.355 -27.56 curveto
26.355 -27.79207 26.4472 -28.01462 26.61128 -28.17871 curveto
26.77538 -28.34279 26.99792 -28.435 27.23 -28.435 curveto
27.46207 -28.435 27.68462 -28.34279 27.84871 -28.17871 curveto
28.01279 -28.01462 28.105 -27.79207 28.105 -27.56 curveto closepath fill
 0.1 0.88333 0 0.4 setcmykcolor 0 0.35
 dtransform truncate idtransform setlinewidth pop
newpath 28.105 -27.56 moveto
28.105 -27.32793 28.01279 -27.10538 27.84871 -26.94128 curveto
27.68462 -26.7772 27.46207 -26.685 27.23 -26.685 curveto
26.99792 -26.685 26.77538 -26.7772 26.61128 -26.94128 curveto
26.4472 -27.10538 26.355 -27.32793 26.355 -27.56 curveto
26.355 -27.79207 26.4472 -28.01462 26.61128 -28.17871 curveto
26.77538 -28.34279 26.99792 -28.435 27.23 -28.435 curveto
27.46207 -28.435 27.68462 -28.34279 27.84871 -28.17871 curveto
28.01279 -28.01462 28.105 -27.79207 28.105 -27.56 curveto closepath stroke
-1 THsetalpha
 0 0 0.2 0 setcmykcolor
newpath 23.755 -27.1 moveto
23.755 -26.86794 23.6628 -26.64539 23.49872 -26.4813 curveto
23.33463 -26.31721 23.11208 -26.225 22.88 -26.225 curveto
22.64793 -26.225 22.42538 -26.31721 22.26129 -26.4813 curveto
22.09721 -26.64539 22.005 -26.86794 22.005 -27.1 curveto
22.005 -27.33208 22.09721 -27.55463 22.26129 -27.71872 curveto
22.42538 -27.8828 22.64793 -27.975 22.88 -27.975 curveto
23.11208 -27.975 23.33463 -27.8828 23.49872 -27.71872 curveto
23.6628 -27.55463 23.755 -27.33208 23.755 -27.1 curveto closepath fill
 0.1 0.88333 0 0.4 setcmykcolor
newpath 23.755 -27.1 moveto
23.755 -26.86794 23.6628 -26.64539 23.49872 -26.4813 curveto
23.33463 -26.31721 23.11208 -26.225 22.88 -26.225 curveto
22.64793 -26.225 22.42538 -26.31721 22.26129 -26.4813 curveto
22.09721 -26.64539 22.005 -26.86794 22.005 -27.1 curveto
22.005 -27.33208 22.09721 -27.55463 22.26129 -27.71872 curveto
22.42538 -27.8828 22.64793 -27.975 22.88 -27.975 curveto
23.11208 -27.975 23.33463 -27.8828 23.49872 -27.71872 curveto
23.6628 -27.55463 23.755 -27.33208 23.755 -27.1 curveto closepath stroke
-1 THsetalpha
 0 0 0.2 0 setcmykcolor
newpath 23.315 -35.51 moveto
23.315 -35.27792 23.2228 -35.05537 23.05872 -34.89128 curveto
22.89462 -34.7272 22.67207 -34.635 22.44 -34.635 curveto
22.20793 -34.635 21.98538 -34.7272 21.82129 -34.89128 curveto
21.65721 -35.05537 21.565 -35.27792 21.565 -35.51 curveto
21.565 -35.74207 21.65721 -35.96461 21.82129 -36.12871 curveto
21.98538 -36.29279 22.20793 -36.385 22.44 -36.385 curveto
22.67207 -36.385 22.89462 -36.29279 23.05872 -36.12871 curveto
23.2228 -35.96461 23.315 -35.74207 23.315 -35.51 curveto closepath fill
 0.1 0.88333 0 0.4 setcmykcolor
newpath 23.315 -35.51 moveto
23.315 -35.27792 23.2228 -35.05537 23.05872 -34.89128 curveto
22.89462 -34.7272 22.67207 -34.635 22.44 -34.635 curveto
22.20793 -34.635 21.98538 -34.7272 21.82129 -34.89128 curveto
21.65721 -35.05537 21.565 -35.27792 21.565 -35.51 curveto
21.565 -35.74207 21.65721 -35.96461 21.82129 -36.12871 curveto
21.98538 -36.29279 22.20793 -36.385 22.44 -36.385 curveto
22.67207 -36.385 22.89462 -36.29279 23.05872 -36.12871 curveto
23.2228 -35.96461 23.315 -35.74207 23.315 -35.51 curveto closepath stroke
-1 THsetalpha
 0 0 0.2 0 setcmykcolor
newpath 7.275 -30.91 moveto
7.275 -30.67793 7.18279 -30.45538 7.0187 -30.29129 curveto
6.85461 -30.12721 6.63206 -30.035 6.4 -30.035 curveto
6.16792 -30.035 5.94537 -30.12721 5.78128 -30.29129 curveto
5.6172 -30.45538 5.525 -30.67793 5.525 -30.91 curveto
5.525 -31.14207 5.6172 -31.36462 5.78128 -31.52872 curveto
5.94537 -31.6928 6.16792 -31.785 6.4 -31.785 curveto
6.63206 -31.785 6.85461 -31.6928 7.0187 -31.52872 curveto
7.18279 -31.36462 7.275 -31.14207 7.275 -30.91 curveto closepath fill
 0.1 0.88333 0 0.4 setcmykcolor
newpath 7.275 -30.91 moveto
7.275 -30.67793 7.18279 -30.45538 7.0187 -30.29129 curveto
6.85461 -30.12721 6.63206 -30.035 6.4 -30.035 curveto
6.16792 -30.035 5.94537 -30.12721 5.78128 -30.29129 curveto
5.6172 -30.45538 5.525 -30.67793 5.525 -30.91 curveto
5.525 -31.14207 5.6172 -31.36462 5.78128 -31.52872 curveto
5.94537 -31.6928 6.16792 -31.785 6.4 -31.785 curveto
6.63206 -31.785 6.85461 -31.6928 7.0187 -31.52872 curveto
7.18279 -31.36462 7.275 -31.14207 7.275 -30.91 curveto closepath stroke
-1 THsetalpha
 0 0 0.2 0 setcmykcolor
newpath 5.665 -36.89 moveto
5.665 -36.65793 5.57278 -36.43538 5.4087 -36.27129 curveto
5.24461 -36.10721 5.02206 -36.015 4.79 -36.015 curveto
4.55792 -36.015 4.33537 -36.10721 4.17128 -36.27129 curveto
4.0072 -36.43538 3.915 -36.65793 3.915 -36.89 curveto
3.915 -37.12207 4.0072 -37.34462 4.17128 -37.50871 curveto
4.33537 -37.67279 4.55792 -37.765 4.79 -37.765 curveto
5.02206 -37.765 5.24461 -37.67279 5.4087 -37.50871 curveto
5.57278 -37.34462 5.665 -37.12207 5.665 -36.89 curveto closepath fill
 0.1 0.88333 0 0.4 setcmykcolor
newpath 5.665 -36.89 moveto
5.665 -36.65793 5.57278 -36.43538 5.4087 -36.27129 curveto
5.24461 -36.10721 5.02206 -36.015 4.79 -36.015 curveto
4.55792 -36.015 4.33537 -36.10721 4.17128 -36.27129 curveto
4.0072 -36.43538 3.915 -36.65793 3.915 -36.89 curveto
3.915 -37.12207 4.0072 -37.34462 4.17128 -37.50871 curveto
4.33537 -37.67279 4.55792 -37.765 4.79 -37.765 curveto
5.02206 -37.765 5.24461 -37.67279 5.4087 -37.50871 curveto
5.57278 -37.34462 5.665 -37.12207 5.665 -36.89 curveto closepath stroke
-1 THsetalpha
 0 0 0.2 0 setcmykcolor
newpath 1.835 -34.76 moveto
1.835 -34.52792 1.7428 -34.30537 1.57872 -34.14128 curveto
1.41463 -33.9772 1.19208 -33.885 0.96 -33.885 curveto
0.72794 -33.885 0.50539 -33.9772 0.3413 -34.14128 curveto
0.17722 -34.30537 0.085 -34.52792 0.085 -34.76 curveto
0.085 -34.99207 0.17722 -35.21461 0.3413 -35.37871 curveto
0.50539 -35.54279 0.72794 -35.635 0.96 -35.635 curveto
1.19208 -35.635 1.41463 -35.54279 1.57872 -35.37871 curveto
1.7428 -35.21461 1.835 -34.99207 1.835 -34.76 curveto closepath fill
 0.1 0.88333 0 0.4 setcmykcolor
newpath 1.835 -34.76 moveto
1.835 -34.52792 1.7428 -34.30537 1.57872 -34.14128 curveto
1.41463 -33.9772 1.19208 -33.885 0.96 -33.885 curveto
0.72794 -33.885 0.50539 -33.9772 0.3413 -34.14128 curveto
0.17722 -34.30537 0.085 -34.52792 0.085 -34.76 curveto
0.085 -34.99207 0.17722 -35.21461 0.3413 -35.37871 curveto
0.50539 -35.54279 0.72794 -35.635 0.96 -35.635 curveto
1.19208 -35.635 1.41463 -35.54279 1.57872 -35.37871 curveto
1.7428 -35.21461 1.835 -34.99207 1.835 -34.76 curveto closepath stroke
-1 THsetalpha
 0 0 0.2 0 setcmykcolor
newpath -1.895 -28.78 moveto
-1.895 -28.54793 -1.98721 -28.32538 -2.15129 -28.16129 curveto
-2.31538 -27.99721 -2.53793 -27.905 -2.77 -27.905 curveto
-3.00208 -27.905 -3.22462 -27.99721 -3.38872 -28.16129 curveto
-3.5528 -28.32538 -3.645 -28.54793 -3.645 -28.78 curveto
-3.645 -29.01207 -3.5528 -29.23462 -3.38872 -29.39871 curveto
-3.22462 -29.56279 -3.00208 -29.655 -2.77 -29.655 curveto
-2.53793 -29.655 -2.31538 -29.56279 -2.15129 -29.39871 curveto
-1.98721 -29.23462 -1.895 -29.01207 -1.895 -28.78 curveto closepath fill
 0.1 0.88333 0 0.4 setcmykcolor
newpath -1.895 -28.78 moveto
-1.895 -28.54793 -1.98721 -28.32538 -2.15129 -28.16129 curveto
-2.31538 -27.99721 -2.53793 -27.905 -2.77 -27.905 curveto
-3.00208 -27.905 -3.22462 -27.99721 -3.38872 -28.16129 curveto
-3.5528 -28.32538 -3.645 -28.54793 -3.645 -28.78 curveto
-3.645 -29.01207 -3.5528 -29.23462 -3.38872 -29.39871 curveto
-3.22462 -29.56279 -3.00208 -29.655 -2.77 -29.655 curveto
-2.53793 -29.655 -2.31538 -29.56279 -2.15129 -29.39871 curveto
-1.98721 -29.23462 -1.895 -29.01207 -1.895 -28.78 curveto closepath stroke
-1 THsetalpha
 0 0 0.2 0 setcmykcolor
newpath -6.025 -18.57 moveto
-6.025 -18.33794 -6.1172 -18.11539 -6.28128 -17.9513 curveto
-6.44537 -17.78722 -6.66792 -17.695 -6.9 -17.695 curveto
-7.13206 -17.695 -7.35461 -17.78722 -7.5187 -17.9513 curveto
-7.68279 -18.11539 -7.775 -18.33794 -7.775 -18.57 curveto
-7.775 -18.80208 -7.68279 -19.02463 -7.5187 -19.18872 curveto
-7.35461 -19.3528 -7.13206 -19.445 -6.9 -19.445 curveto
-6.66792 -19.445 -6.44537 -19.3528 -6.28128 -19.18872 curveto
-6.1172 -19.02463 -6.025 -18.80208 -6.025 -18.57 curveto closepath fill
 0.1 0.88333 0 0.4 setcmykcolor
newpath -6.025 -18.57 moveto
-6.025 -18.33794 -6.1172 -18.11539 -6.28128 -17.9513 curveto
-6.44537 -17.78722 -6.66792 -17.695 -6.9 -17.695 curveto
-7.13206 -17.695 -7.35461 -17.78722 -7.5187 -17.9513 curveto
-7.68279 -18.11539 -7.775 -18.33794 -7.775 -18.57 curveto
-7.775 -18.80208 -7.68279 -19.02463 -7.5187 -19.18872 curveto
-7.35461 -19.3528 -7.13206 -19.445 -6.9 -19.445 curveto
-6.66792 -19.445 -6.44537 -19.3528 -6.28128 -19.18872 curveto
-6.1172 -19.02463 -6.025 -18.80208 -6.025 -18.57 curveto closepath stroke
-1 THsetalpha
 0 0 0.2 0 setcmykcolor
newpath -6.825 -7.15 moveto
-6.825 -6.91792 -6.9172 -6.69537 -7.08128 -6.53128 curveto
-7.24538 -6.3672 -7.46793 -6.275 -7.7 -6.275 curveto
-7.93207 -6.275 -8.15462 -6.3672 -8.31871 -6.53128 curveto
-8.48279 -6.69537 -8.575 -6.91792 -8.575 -7.15 curveto
-8.575 -7.38206 -8.48279 -7.60461 -8.31871 -7.7687 curveto
-8.15462 -7.93279 -7.93207 -8.025 -7.7 -8.025 curveto
-7.46793 -8.025 -7.24538 -7.93279 -7.08128 -7.7687 curveto
-6.9172 -7.60461 -6.825 -7.38206 -6.825 -7.15 curveto closepath fill
 0.1 0.88333 0 0.4 setcmykcolor
newpath -6.825 -7.15 moveto
-6.825 -6.91792 -6.9172 -6.69537 -7.08128 -6.53128 curveto
-7.24538 -6.3672 -7.46793 -6.275 -7.7 -6.275 curveto
-7.93207 -6.275 -8.15462 -6.3672 -8.31871 -6.53128 curveto
-8.48279 -6.69537 -8.575 -6.91792 -8.575 -7.15 curveto
-8.575 -7.38206 -8.48279 -7.60461 -8.31871 -7.7687 curveto
-8.15462 -7.93279 -7.93207 -8.025 -7.7 -8.025 curveto
-7.46793 -8.025 -7.24538 -7.93279 -7.08128 -7.7687 curveto
-6.9172 -7.60461 -6.825 -7.38206 -6.825 -7.15 curveto closepath stroke
-1 THsetalpha
 0 0 0.2 0 setcmykcolor
newpath -14.705 -0.54 moveto
-14.705 -0.30792 -14.79721 -0.08537 -14.96129 0.07872 curveto
-15.12538 0.2428 -15.34793 0.335 -15.58 0.335 curveto
-15.81207 0.335 -16.03462 0.2428 -16.19872 0.07872 curveto
-16.3628 -0.08537 -16.455 -0.30792 -16.455 -0.54 curveto
-16.455 -0.77206 -16.3628 -0.99461 -16.19872 -1.1587 curveto
-16.03462 -1.32278 -15.81207 -1.415 -15.58 -1.415 curveto
-15.34793 -1.415 -15.12538 -1.32278 -14.96129 -1.1587 curveto
-14.79721 -0.99461 -14.705 -0.77206 -14.705 -0.54 curveto closepath fill
 0.1 0.88333 0 0.4 setcmykcolor
newpath -14.705 -0.54 moveto
-14.705 -0.30792 -14.79721 -0.08537 -14.96129 0.07872 curveto
-15.12538 0.2428 -15.34793 0.335 -15.58 0.335 curveto
-15.81207 0.335 -16.03462 0.2428 -16.19872 0.07872 curveto
-16.3628 -0.08537 -16.455 -0.30792 -16.455 -0.54 curveto
-16.455 -0.77206 -16.3628 -0.99461 -16.19872 -1.1587 curveto
-16.03462 -1.32278 -15.81207 -1.415 -15.58 -1.415 curveto
-15.34793 -1.415 -15.12538 -1.32278 -14.96129 -1.1587 curveto
-14.79721 -0.99461 -14.705 -0.77206 -14.705 -0.54 curveto closepath stroke
-1 THsetalpha
 0 0 0.2 0 setcmykcolor
newpath -9.795 27.29 moveto
-9.795 27.52206 -9.8872 27.74461 -10.05128 27.9087 curveto
-10.21538 28.07278 -10.43793 28.165 -10.67 28.165 curveto
-10.90207 28.165 -11.12462 28.07278 -11.28871 27.9087 curveto
-11.45279 27.74461 -11.545 27.52206 -11.545 27.29 curveto
-11.545 27.05792 -11.45279 26.83537 -11.28871 26.67128 curveto
-11.12462 26.5072 -10.90207 26.415 -10.67 26.415 curveto
-10.43793 26.415 -10.21538 26.5072 -10.05128 26.67128 curveto
-9.8872 26.83537 -9.795 27.05792 -9.795 27.29 curveto closepath fill
 0.1 0.88333 0 0.4 setcmykcolor
newpath -9.795 27.29 moveto
-9.795 27.52206 -9.8872 27.74461 -10.05128 27.9087 curveto
-10.21538 28.07278 -10.43793 28.165 -10.67 28.165 curveto
-10.90207 28.165 -11.12462 28.07278 -11.28871 27.9087 curveto
-11.45279 27.74461 -11.545 27.52206 -11.545 27.29 curveto
-11.545 27.05792 -11.45279 26.83537 -11.28871 26.67128 curveto
-11.12462 26.5072 -10.90207 26.415 -10.67 26.415 curveto
-10.43793 26.415 -10.21538 26.5072 -10.05128 26.67128 curveto
-9.8872 26.83537 -9.795 27.05792 -9.795 27.29 curveto closepath stroke
showpage
%%EOF
