%!PS
%%BoundingBox: -29 -90 29 92 
%%HiResBoundingBox: -28.7604 -89.5192 28.38263 91.79941 
%%Creator: MetaPost 1.999
%%CreationDate: 2017.07.18:1140
%%Pages: 1
%%BeginProlog
%%EndProlog
%%Page: 1 1
 0 0 0 setrgbcolor 0 0.7 dtransform truncate idtransform setlinewidth pop
 [] 0 setdash 1 setlinecap 1 setlinejoin 10 setmiterlimit
newpath 0.21 -85.55 moveto
0.21 -85.55 5.21 -89.71 6.99 -89.11 curveto
8.77 -88.51 12.72 -88.19 14.1 -86.17 curveto
15.47 -84.14 17.46 -83.84 17.36 -81.56 curveto
17.27 -79.28 14.89 -77.5 16.33 -77.45 curveto
17.76 -77.4 19.18 -76.62 19.18 -76.62 curveto
19.18 -76.62 22.63 -72.19 21.88 -71.31 curveto
21.13 -70.44 19.61 -67.98 18.1 -66.22 curveto
17.35 -65.34 18.43 -65.13 16.4 -63.75 curveto
14.37 -62.38 9.84 -56.23 7.87 -56.48 curveto
5.9 -56.73 2.71 -58.46 3.56 -56.99 curveto
4.41 -55.52 7.22 -53.45 5.55 -51.88 curveto
3.88 -50.31 -4.08 -43.91 -3.25 -41.9 curveto
-2.41 -39.9 -1.46 -41.3 -1.92 -38.44 curveto
-2.38 -35.57 -4.16 -31.13 -5.31 -28.83 curveto
-6.47 -26.53 -9.61 -18.89 -10.71 -18.39 curveto
-11.8 -17.88 -17.02 -15.66 -18.09 -13.05 curveto
-19.17 -10.45 -17.79 -8.33 -19.35 -7.87 curveto
-20.44 -7.55 -22.54 -9.24 -21.67 -8.31 curveto
-20.8 -7.38 -18 -5.12 -19.99 -4.65 curveto
-21.99 -4.18 -26.19 -2.52 -26.23 -1.26 curveto
-26.27 0 -27.36 2.58 -25.69 3.98 curveto
-24.02 5.38 -23.86 8.55 -23.11 7.49 curveto
-22.35 6.44 -21.72 3.94 -20.32 5.06 curveto
-18.92 6.19 -14.99 12.27 -14.58 10.84 curveto
-14.17 9.42 -13.66 5.11 -11.86 5.17 curveto
-10.06 5.23 -7.51 4.24 -7 5.16 curveto
-6.49 6.07 -6.22 8.78 -4.76 8.11 curveto
-3.29 7.44 -1.25 5.71 0 6.11 curveto
1.24 6.51 1.17 8.67 2.79 8.55 curveto
4.42 8.42 3.99 9.52 5.87 8.11 curveto
7.75 6.7 8.65 5.68 11.2 4.87 curveto
13.75 4.05 14.36 2.09 16.87 2.36 curveto
19.38 2.62 20.85 1.77 22.6 3.27 curveto
24.35 4.77 28.98 6.37 27.86 7.59 curveto
26.74 8.82 23.99 10.82 24.62 12.89 curveto
25.24 14.95 25.92 16.89 24.26 18.1 curveto
22.6 19.3 21.21 17.81 19.91 18.85 curveto
18.62 19.89 18.26 19.87 17.3 21.64 curveto
16.34 23.41 17.2 24.7 15.12 27.52 curveto
13.05 30.33 10.43 33.12 9.63 35.43 curveto
8.83 37.74 3.47 43.33 5.4 44.66 curveto
7.33 45.98 10.86 48.25 8.09 50.32 curveto
5.32 52.39 3.54 51.44 2.78 53.03 curveto
2.02 54.63 1.29 54.61 1.6 56.23 curveto
1.91 57.87 1.93 57.69 1.85 59.67 curveto
1.77 61.66 1.94 61.31 2.41 63.13 curveto
2.88 64.95 0.94 79.8 2.7 81.29 curveto
4.46 82.78 6.39 83.92 6.39 83.92 curveto stroke
 0 0.24501 dtransform truncate idtransform setlinewidth pop
newpath 5.12004 53.65004 moveto
10.72006 53.65004 lineto
10.72006 59.25006 lineto
5.12004 59.25006 lineto
 closepath stroke
 0 0.35 dtransform truncate idtransform setlinewidth pop
newpath 6.52002 57.84998 moveto
6.2923 57.00003 7.07005 56.22227 7.92 56.45 curveto
8.26164 56.54153 8.5285 56.8084 8.62004 57.15004 curveto
8.62004 53.65004 lineto stroke
 0 1.25995 dtransform truncate idtransform setlinewidth pop
newpath 6.52002 57.84998 moveto 0 0 rlineto stroke
newpath 8.62004 57.15004 moveto 0 0 rlineto stroke
 0 0.35 dtransform truncate idtransform setlinewidth pop
newpath 6.69229 68.84767 moveto
5.57217 81.3979 lineto stroke
newpath 7.86893 71.41248 moveto
6.94391 70.97917 6.5989 69.894 6.69229 68.84767 curveto stroke
newpath 5.08005 71.16357 moveto
6.06717 70.90092 6.5989 69.894 6.69229 68.84767 curveto stroke
newpath 5.57217 81.3979 moveto
4.05328 82.6679 lineto stroke
newpath 5.69664 80.00345 moveto
4.17773 81.27345 lineto stroke
newpath 5.82109 78.60901 moveto
4.3022 79.879 lineto stroke
 0.00002 0.00018 0.00008 setrgbcolor
newpath 4.0094 75.28468 moveto
4.05891 74.72989 4.32683 74.21758 4.75409 73.86032 curveto
5.18137 73.50307 5.73302 73.33014 6.28781 73.37965 curveto
6.8426 73.42917 7.35492 73.69707 7.71216 74.12433 curveto
8.06941 74.55159 8.24236 75.10327 8.19284 75.65807 curveto
8.14333 76.21284 7.87543 76.72516 7.44815 77.08241 curveto
7.02089 77.43967 6.46922 77.61261 5.91443 77.5631 curveto
5.35963 77.51358 4.84734 77.24567 4.49008 76.8184 curveto
4.13284 76.39114 3.95988 75.83946 4.0094 75.28468 curveto closepath fill
 0 0 0 setrgbcolor
newpath 7.24652 76.27643 moveto
4.95572 74.66641 lineto stroke
newpath 4.83127 76.06085 moveto
7.37097 74.88199 lineto stroke
 0.35 0 dtransform exch truncate exch idtransform pop setlinewidth
newpath 5.97667 76.86581 moveto
6.22559 74.07692 lineto stroke
 0 0.35 dtransform truncate idtransform setlinewidth pop
newpath -6.68382 65.30185 moveto
-12.36494 76.54854 lineto stroke
newpath -6.53888 68.11996 moveto
-7.23814 67.37534 -7.15747 66.2395 -6.68382 65.30185 curveto stroke
newpath -9.03812 66.85751 moveto
-8.02382 66.97845 -7.15747 66.2395 -6.68382 65.30185 curveto stroke
newpath -12.36494 76.54854 moveto
-14.24579 77.16693 lineto stroke
newpath -11.73372 75.29893 moveto
-13.61456 75.91731 lineto stroke
newpath -11.1025 74.04932 moveto
-12.98334 74.66771 lineto stroke
 0.00002 0.00018 0.00008 setrgbcolor
newpath -11.55664 70.29071 moveto
-11.30551 69.79353 -10.86716 69.4166 -10.33809 69.24263 curveto
-9.809 69.06868 -9.23248 69.11197 -8.73532 69.36311 curveto
-8.23816 69.61426 -7.86119 70.0526 -7.68724 70.58168 curveto
-7.51328 71.11075 -7.55658 71.68727 -7.80771 72.18445 curveto
-8.05885 72.68161 -8.4972 73.05856 -9.02628 73.23253 curveto
-9.55536 73.40646 -10.13188 73.36319 -10.62904 73.11205 curveto
-11.1262 72.8609 -11.50317 72.42255 -11.67712 71.89348 curveto
-11.85107 71.36441 -11.80779 70.78787 -11.55664 70.29071 curveto closepath fill
 0 0 0 setrgbcolor
newpath -8.91562 72.40909 moveto
-10.44879 70.06616 lineto stroke
newpath -11.08002 71.31577 moveto
-8.2844 71.15948 lineto stroke
newpath -10.3134 72.48718 moveto
-9.05095 69.98796 lineto stroke
 0.00002 0.00018 0.00008 setrgbcolor
newpath -10.61942 70.76414 moveto
-10.49385 70.51556 -10.27467 70.32709 -10.01013 70.24011 curveto
-9.74559 70.15314 -9.45732 70.17477 -9.20874 70.30034 curveto
-8.96016 70.4259 -8.77168 70.64508 -8.68472 70.90964 curveto
-8.59773 71.17416 -8.61937 71.46243 -8.74493 71.71101 curveto
-8.8705 71.9596 -9.08969 72.14807 -9.35423 72.23505 curveto
-9.61876 72.32202 -9.90703 72.30038 -10.15561 72.17482 curveto
-10.40419 72.04926 -10.59267 71.83008 -10.67964 71.56552 curveto
-10.76663 71.301 -10.74498 71.01273 -10.61942 70.76414 curveto closepath fill
 0 0 0 setrgbcolor
newpath -10.30699 70.92197 moveto
-10.22328 70.75626 -10.07715 70.6306 -9.90082 70.5726 curveto
-9.72446 70.51463 -9.53227 70.52905 -9.36656 70.61276 curveto
-9.20085 70.69647 -9.0752 70.8426 -9.01721 71.01895 curveto
-8.95923 71.1953 -8.97365 71.38748 -9.05736 71.55319 curveto
-9.14107 71.7189 -9.2872 71.84456 -9.46355 71.90256 curveto
-9.6399 71.96053 -9.83208 71.9461 -9.99779 71.8624 curveto
-10.1635 71.77869 -10.28915 71.63255 -10.34715 71.4562 curveto
-10.40512 71.27986 -10.3907 71.08768 -10.30699 70.92197 curveto closepath stroke
 0 0.7 dtransform truncate idtransform setlinewidth pop
newpath -11.36 81.44 moveto
-11.36 81.44 -10.3 82.37 -8.23 79.19 curveto
-6.15 76.01 -2.12 65.85 -2.05 63.14 curveto
-1.97 60.44 -1.41 60.46 -1.35 58.66 curveto
-1.29 56.87 -0.19 52.4 -0.19 52.4 curveto
-2.43 52.69 lineto stroke
newpath -2.56 50.19 moveto
-2.56 50.19 -3.36 43.65 -0.81 42.11 curveto
1.75 40.57 2.46 40.96 4.27 40.29 curveto
6.08 39.63 5.79 37.28 7.12 35.17 curveto
8.45 33.05 10.93 28.99 12.65 25.99 curveto
14.37 22.99 14.81 21.86 17.12 19.45 curveto
19.44 17.03 19.09 16.48 20.53 16.53 curveto
21.97 16.58 23.55 17.71 23.43 16.09 curveto
23.3 14.46 20.97 14.2 22.47 12.46 curveto
23.97 10.71 26.2 8.8 24.96 8.04 curveto
23.73 7.27 22.7 5.62 20.92 5.02 curveto
19.14 4.42 18.98 3.87 16.44 4.5 curveto
13.89 5.14 14.04 6.05 11.67 7.05 curveto
9.29 8.05 7.79 9.79 5.81 9.91 curveto
3.82 10.02 2.79 11.82 1.29 10.48 curveto
0.24 9.54 0.11 7.92 -0.98 8.42 curveto
-2.08 8.92 -3.97 11.38 -5.37 10.25 curveto
-6.77 9.12 -6.89 7.32 -8.15 7.28 curveto
-9.41 7.24 -10.63 6.11 -11.04 7.36 curveto
-11.44 8.61 -12.7 13.97 -14.31 13.55 curveto
-15.92 13.14 -19.85 7.06 -20.77 7.57 curveto
-21.69 8.08 -22.19 12.21 -23.21 10.37 curveto
-24.22 8.53 -28.01 8.59 -27.9 5.35 curveto
-27.79 2.11 -29.17 0.3 -27.8 -2.75 curveto
-26.43 -5.81 -22.15 -4.72 -22.28 -6.17 curveto
-22.41 -7.61 -25.59 -9.53 -24.12 -10.38 curveto
-22.65 -11.23 -20.41 -8.45 -20.34 -10.42 curveto
-20.28 -12.41 -22.04 -13.55 -20.2 -14.57 curveto
-18.37 -15.59 -14.34 -17.43 -12.81 -20.08 curveto
-11.28 -22.73 -8.4 -28.03 -7.24 -30.33 curveto
-6.08 -32.64 -4 -35.63 -4.27 -38.16 curveto
-4.55 -40.69 -7.45 -40.06 -5.75 -42.53 curveto
-4.05 -44.99 2.47 -51.08 2.7 -52.69 curveto
2.93 -54.31 0.08 -55.12 1.42 -57.42 curveto
2.76 -59.71 5.04 -58.02 6.88 -59.03 curveto
8.71 -60.05 13.17 -64.04 15.03 -65.96 curveto
16.9 -67.88 20.01 -69.4 19.71 -71.03 curveto
19.4 -72.66 18.38 -74.49 17.14 -74.9 curveto
15.89 -75.3 13.69 -74.12 14.32 -76.62 curveto
14.94 -79.12 15.89 -80.52 15.2 -81.63 curveto
14.52 -82.73 14.7 -82.72 12.58 -84.06 curveto
10.47 -85.39 9.59 -85.96 7.61 -86.03 curveto
5.63 -86.09 2.5 -84.04 2.5 -84.04 curveto stroke
 0 0.35 dtransform truncate idtransform setlinewidth pop
newpath -7.59004 -76.29002 moveto
-7.59004 -75.35663 -6.18996 -75.35663 -6.18996 -76.29002 curveto
-6.18996 -76.9416 -6.89 -77.38844 -6.89 -78.04002 curveto stroke
 0 0.84 dtransform truncate idtransform setlinewidth pop
newpath -6.89 -79.08998 moveto 0 0 rlineto stroke
 0 0.35 dtransform truncate idtransform setlinewidth pop
newpath -3.36392 -79.47475 moveto
0.86243 -83.14857 lineto stroke
newpath -4.28244 -80.53142 moveto
-0.05609 -84.20525 lineto stroke
newpath -1.90793 91.79941 moveto
-2.48166 84.68393 lineto
-4.68875 91.47275 lineto
 closepath fill
 0.00002 0.00018 0.00008 setrgbcolor
newpath -1.565 81.41 moveto
-1.565 81.64207 -1.65721 81.86462 -1.82129 82.02872 curveto
-1.98538 82.1928 -2.20793 82.285 -2.44 82.285 curveto
-2.67207 82.285 -2.89462 82.1928 -3.05872 82.02872 curveto
-3.2228 81.86462 -3.315 81.64207 -3.315 81.41 curveto
-3.315 81.17793 -3.2228 80.95538 -3.05872 80.79129 curveto
-2.89462 80.62721 -2.67207 80.535 -2.44 80.535 curveto
-2.20793 80.535 -1.98538 80.62721 -1.82129 80.79129 curveto
-1.65721 80.95538 -1.565 81.17793 -1.565 81.41 curveto closepath fill
 0.54 0.07 0.6 setrgbcolor
newpath -1.565 81.41 moveto
-1.565 81.64207 -1.65721 81.86462 -1.82129 82.02872 curveto
-1.98538 82.1928 -2.20793 82.285 -2.44 82.285 curveto
-2.67207 82.285 -2.89462 82.1928 -3.05872 82.02872 curveto
-3.2228 81.86462 -3.315 81.64207 -3.315 81.41 curveto
-3.315 81.17793 -3.2228 80.95538 -3.05872 80.79129 curveto
-2.89462 80.62721 -2.67207 80.535 -2.44 80.535 curveto
-2.20793 80.535 -1.98538 80.62721 -1.82129 80.79129 curveto
-1.65721 80.95538 -1.565 81.17793 -1.565 81.41 curveto closepath stroke
 0.00002 0.00018 0.00008 setrgbcolor
newpath 1.075 63.1 moveto
1.075 63.33208 0.98279 63.55463 0.81871 63.71872 curveto
0.65462 63.8828 0.43207 63.975 0.2 63.975 curveto
-0.03207 63.975 -0.25462 63.8828 -0.41872 63.71872 curveto
-0.5828 63.55463 -0.675 63.33208 -0.675 63.1 curveto
-0.675 62.86794 -0.5828 62.64539 -0.41872 62.4813 curveto
-0.25462 62.31721 -0.03207 62.225 0.2 62.225 curveto
0.43207 62.225 0.65462 62.31721 0.81871 62.4813 curveto
0.98279 62.64539 1.075 62.86794 1.075 63.1 curveto closepath fill
 0.54 0.07 0.6 setrgbcolor
newpath 1.075 63.1 moveto
1.075 63.33208 0.98279 63.55463 0.81871 63.71872 curveto
0.65462 63.8828 0.43207 63.975 0.2 63.975 curveto
-0.03207 63.975 -0.25462 63.8828 -0.41872 63.71872 curveto
-0.5828 63.55463 -0.675 63.33208 -0.675 63.1 curveto
-0.675 62.86794 -0.5828 62.64539 -0.41872 62.4813 curveto
-0.25462 62.31721 -0.03207 62.225 0.2 62.225 curveto
0.43207 62.225 0.65462 62.31721 0.81871 62.4813 curveto
0.98279 62.64539 1.075 62.86794 1.075 63.1 curveto closepath stroke
 0.00002 0.00018 0.00008 setrgbcolor
newpath 1.175 59.25 moveto
1.175 59.48207 1.0828 59.70462 0.91872 59.86871 curveto
0.75462 60.03279 0.53207 60.125 0.3 60.125 curveto
0.06793 60.125 -0.15462 60.03279 -0.31871 59.86871 curveto
-0.48279 59.70462 -0.575 59.48207 -0.575 59.25 curveto
-0.575 59.01793 -0.48279 58.79538 -0.31871 58.63129 curveto
-0.15462 58.46721 0.06793 58.375 0.3 58.375 curveto
0.53207 58.375 0.75462 58.46721 0.91872 58.63129 curveto
1.0828 58.79538 1.175 59.01793 1.175 59.25 curveto closepath fill
 0.54 0.07 0.6 setrgbcolor
newpath 1.175 59.25 moveto
1.175 59.48207 1.0828 59.70462 0.91872 59.86871 curveto
0.75462 60.03279 0.53207 60.125 0.3 60.125 curveto
0.06793 60.125 -0.15462 60.03279 -0.31871 59.86871 curveto
-0.48279 59.70462 -0.575 59.48207 -0.575 59.25 curveto
-0.575 59.01793 -0.48279 58.79538 -0.31871 58.63129 curveto
-0.15462 58.46721 0.06793 58.375 0.3 58.375 curveto
0.53207 58.375 0.75462 58.46721 0.91872 58.63129 curveto
1.0828 58.79538 1.175 59.01793 1.175 59.25 curveto closepath stroke
 0.00002 0.00018 0.00008 setrgbcolor
newpath 0.935 55.87 moveto
0.935 56.10207 0.84279 56.32462 0.67871 56.48871 curveto
0.51462 56.65279 0.29207 56.745 0.06 56.745 curveto
-0.17207 56.745 -0.39462 56.65279 -0.55872 56.48871 curveto
-0.7228 56.32462 -0.815 56.10207 -0.815 55.87 curveto
-0.815 55.63792 -0.7228 55.41537 -0.55872 55.25128 curveto
-0.39462 55.0872 -0.17207 54.995 0.06 54.995 curveto
0.29207 54.995 0.51462 55.0872 0.67871 55.25128 curveto
0.84279 55.41537 0.935 55.63792 0.935 55.87 curveto closepath fill
 0.54 0.07 0.6 setrgbcolor
newpath 0.935 55.87 moveto
0.935 56.10207 0.84279 56.32462 0.67871 56.48871 curveto
0.51462 56.65279 0.29207 56.745 0.06 56.745 curveto
-0.17207 56.745 -0.39462 56.65279 -0.55872 56.48871 curveto
-0.7228 56.32462 -0.815 56.10207 -0.815 55.87 curveto
-0.815 55.63792 -0.7228 55.41537 -0.55872 55.25128 curveto
-0.39462 55.0872 -0.17207 54.995 0.06 54.995 curveto
0.29207 54.995 0.51462 55.0872 0.67871 55.25128 curveto
0.84279 55.41537 0.935 55.63792 0.935 55.87 curveto closepath stroke
 0.00002 0.00018 0.00008 setrgbcolor
newpath 2.905 50.48 moveto
2.905 50.71207 2.81279 50.93462 2.64871 51.09871 curveto
2.48462 51.26279 2.26207 51.355 2.03 51.355 curveto
1.79793 51.355 1.57538 51.26279 1.41129 51.09871 curveto
1.24721 50.93462 1.155 50.71207 1.155 50.48 curveto
1.155 50.24792 1.24721 50.02538 1.41129 49.86128 curveto
1.57538 49.6972 1.79793 49.605 2.03 49.605 curveto
2.26207 49.605 2.48462 49.6972 2.64871 49.86128 curveto
2.81279 50.02538 2.905 50.24792 2.905 50.48 curveto closepath fill
 0.54 0.07 0.6 setrgbcolor
newpath 2.905 50.48 moveto
2.905 50.71207 2.81279 50.93462 2.64871 51.09871 curveto
2.48462 51.26279 2.26207 51.355 2.03 51.355 curveto
1.79793 51.355 1.57538 51.26279 1.41129 51.09871 curveto
1.24721 50.93462 1.155 50.71207 1.155 50.48 curveto
1.155 50.24792 1.24721 50.02538 1.41129 49.86128 curveto
1.57538 49.6972 1.79793 49.605 2.03 49.605 curveto
2.26207 49.605 2.48462 49.6972 2.64871 49.86128 curveto
2.81279 50.02538 2.905 50.24792 2.905 50.48 curveto closepath stroke
 0.00002 0.00018 0.00008 setrgbcolor
newpath 9.005 36.05 moveto
9.005 36.28207 8.9128 36.50462 8.74872 36.66872 curveto
8.58463 36.8328 8.36208 36.925 8.13 36.925 curveto
7.89793 36.925 7.67538 36.8328 7.51129 36.66872 curveto
7.34721 36.50462 7.255 36.28207 7.255 36.05 curveto
7.255 35.81793 7.34721 35.59538 7.51129 35.43129 curveto
7.67538 35.26721 7.89793 35.175 8.13 35.175 curveto
8.36208 35.175 8.58463 35.26721 8.74872 35.43129 curveto
8.9128 35.59538 9.005 35.81793 9.005 36.05 curveto closepath fill
 0.54 0.07 0.6 setrgbcolor
newpath 9.005 36.05 moveto
9.005 36.28207 8.9128 36.50462 8.74872 36.66872 curveto
8.58463 36.8328 8.36208 36.925 8.13 36.925 curveto
7.89793 36.925 7.67538 36.8328 7.51129 36.66872 curveto
7.34721 36.50462 7.255 36.28207 7.255 36.05 curveto
7.255 35.81793 7.34721 35.59538 7.51129 35.43129 curveto
7.67538 35.26721 7.89793 35.175 8.13 35.175 curveto
8.36208 35.175 8.58463 35.26721 8.74872 35.43129 curveto
8.9128 35.59538 9.005 35.81793 9.005 36.05 curveto closepath stroke
 0.00002 0.00018 0.00008 setrgbcolor
newpath 14.715 26.52 moveto
14.715 26.75208 14.62279 26.97462 14.45871 27.13872 curveto
14.29462 27.3028 14.07207 27.395 13.84 27.395 curveto
13.60793 27.395 13.38538 27.3028 13.22128 27.13872 curveto
13.0572 26.97462 12.965 26.75208 12.965 26.52 curveto
12.965 26.28793 13.0572 26.06538 13.22128 25.90129 curveto
13.38538 25.73721 13.60793 25.645 13.84 25.645 curveto
14.07207 25.645 14.29462 25.73721 14.45871 25.90129 curveto
14.62279 26.06538 14.715 26.28793 14.715 26.52 curveto closepath fill
 0.54 0.07 0.6 setrgbcolor
newpath 14.715 26.52 moveto
14.715 26.75208 14.62279 26.97462 14.45871 27.13872 curveto
14.29462 27.3028 14.07207 27.395 13.84 27.395 curveto
13.60793 27.395 13.38538 27.3028 13.22128 27.13872 curveto
13.0572 26.97462 12.965 26.75208 12.965 26.52 curveto
12.965 26.28793 13.0572 26.06538 13.22128 25.90129 curveto
13.38538 25.73721 13.60793 25.645 13.84 25.645 curveto
14.07207 25.645 14.29462 25.73721 14.45871 25.90129 curveto
14.62279 26.06538 14.715 26.28793 14.715 26.52 curveto closepath stroke
 0.00002 0.00018 0.00008 setrgbcolor
newpath 17.995 19.45 moveto
17.995 19.68207 17.90279 19.90462 17.73871 20.06871 curveto
17.57462 20.23279 17.35207 20.325 17.12 20.325 curveto
16.88792 20.325 16.66537 20.23279 16.50128 20.06871 curveto
16.3372 19.90462 16.245 19.68207 16.245 19.45 curveto
16.245 19.21793 16.3372 18.99538 16.50128 18.83128 curveto
16.66537 18.6672 16.88792 18.575 17.12 18.575 curveto
17.35207 18.575 17.57462 18.6672 17.73871 18.83128 curveto
17.90279 18.99538 17.995 19.21793 17.995 19.45 curveto closepath fill
 0.54 0.07 0.6 setrgbcolor
newpath 17.995 19.45 moveto
17.995 19.68207 17.90279 19.90462 17.73871 20.06871 curveto
17.57462 20.23279 17.35207 20.325 17.12 20.325 curveto
16.88792 20.325 16.66537 20.23279 16.50128 20.06871 curveto
16.3372 19.90462 16.245 19.68207 16.245 19.45 curveto
16.245 19.21793 16.3372 18.99538 16.50128 18.83128 curveto
16.66537 18.6672 16.88792 18.575 17.12 18.575 curveto
17.35207 18.575 17.57462 18.6672 17.73871 18.83128 curveto
17.90279 18.99538 17.995 19.21793 17.995 19.45 curveto closepath stroke
 0.00002 0.00018 0.00008 setrgbcolor
newpath 20.735 17.6 moveto
20.735 17.83208 20.64279 18.05463 20.47871 18.21872 curveto
20.31462 18.3828 20.09207 18.475 19.86 18.475 curveto
19.62793 18.475 19.40538 18.3828 19.24129 18.21872 curveto
19.07721 18.05463 18.985 17.83208 18.985 17.6 curveto
18.985 17.36794 19.07721 17.14539 19.24129 16.9813 curveto
19.40538 16.81721 19.62793 16.725 19.86 16.725 curveto
20.09207 16.725 20.31462 16.81721 20.47871 16.9813 curveto
20.64279 17.14539 20.735 17.36794 20.735 17.6 curveto closepath fill
 0.54 0.07 0.6 setrgbcolor
newpath 20.735 17.6 moveto
20.735 17.83208 20.64279 18.05463 20.47871 18.21872 curveto
20.31462 18.3828 20.09207 18.475 19.86 18.475 curveto
19.62793 18.475 19.40538 18.3828 19.24129 18.21872 curveto
19.07721 18.05463 18.985 17.83208 18.985 17.6 curveto
18.985 17.36794 19.07721 17.14539 19.24129 16.9813 curveto
19.40538 16.81721 19.62793 16.725 19.86 16.725 curveto
20.09207 16.725 20.31462 16.81721 20.47871 16.9813 curveto
20.64279 17.14539 20.735 17.36794 20.735 17.6 curveto closepath stroke
 0.00002 0.00018 0.00008 setrgbcolor
newpath 24.195 17.47 moveto
24.195 17.70207 24.1028 17.92462 23.93872 18.08871 curveto
23.77463 18.25279 23.55208 18.345 23.32 18.345 curveto
23.08794 18.345 22.86539 18.25279 22.7013 18.08871 curveto
22.53722 17.92462 22.445 17.70207 22.445 17.47 curveto
22.445 17.23793 22.53722 17.01538 22.7013 16.85129 curveto
22.86539 16.68721 23.08794 16.595 23.32 16.595 curveto
23.55208 16.595 23.77463 16.68721 23.93872 16.85129 curveto
24.1028 17.01538 24.195 17.23793 24.195 17.47 curveto closepath fill
 0.54 0.07 0.6 setrgbcolor
newpath 24.195 17.47 moveto
24.195 17.70207 24.1028 17.92462 23.93872 18.08871 curveto
23.77463 18.25279 23.55208 18.345 23.32 18.345 curveto
23.08794 18.345 22.86539 18.25279 22.7013 18.08871 curveto
22.53722 17.92462 22.445 17.70207 22.445 17.47 curveto
22.445 17.23793 22.53722 17.01538 22.7013 16.85129 curveto
22.86539 16.68721 23.08794 16.595 23.32 16.595 curveto
23.55208 16.595 23.77463 16.68721 23.93872 16.85129 curveto
24.1028 17.01538 24.195 17.23793 24.195 17.47 curveto closepath stroke
 0.00002 0.00018 0.00008 setrgbcolor
newpath 24.435 12.79 moveto
24.435 13.02206 24.34279 13.24461 24.17871 13.4087 curveto
24.01462 13.57278 23.79207 13.665 23.56 13.665 curveto
23.32793 13.665 23.10538 13.57278 22.94128 13.4087 curveto
22.7772 13.24461 22.685 13.02206 22.685 12.79 curveto
22.685 12.55792 22.7772 12.33537 22.94128 12.17128 curveto
23.10538 12.0072 23.32793 11.915 23.56 11.915 curveto
23.79207 11.915 24.01462 12.0072 24.17871 12.17128 curveto
24.34279 12.33537 24.435 12.55792 24.435 12.79 curveto closepath fill
 0.54 0.07 0.6 setrgbcolor
newpath 24.435 12.79 moveto
24.435 13.02206 24.34279 13.24461 24.17871 13.4087 curveto
24.01462 13.57278 23.79207 13.665 23.56 13.665 curveto
23.32793 13.665 23.10538 13.57278 22.94128 13.4087 curveto
22.7772 13.24461 22.685 13.02206 22.685 12.79 curveto
22.685 12.55792 22.7772 12.33537 22.94128 12.17128 curveto
23.10538 12.0072 23.32793 11.915 23.56 11.915 curveto
23.79207 11.915 24.01462 12.0072 24.17871 12.17128 curveto
24.34279 12.33537 24.435 12.55792 24.435 12.79 curveto closepath stroke
 0.00002 0.00018 0.00008 setrgbcolor
newpath 27.335 7.55 moveto
27.335 7.78207 27.2428 8.00462 27.07872 8.16872 curveto
26.91463 8.3328 26.69208 8.425 26.46 8.425 curveto
26.22794 8.425 26.00539 8.3328 25.8413 8.16872 curveto
25.67722 8.00462 25.585 7.78207 25.585 7.55 curveto
25.585 7.31793 25.67722 7.09538 25.8413 6.93129 curveto
26.00539 6.76721 26.22794 6.675 26.46 6.675 curveto
26.69208 6.675 26.91463 6.76721 27.07872 6.93129 curveto
27.2428 7.09538 27.335 7.31793 27.335 7.55 curveto closepath fill
 0.54 0.07 0.6 setrgbcolor
newpath 27.335 7.55 moveto
27.335 7.78207 27.2428 8.00462 27.07872 8.16872 curveto
26.91463 8.3328 26.69208 8.425 26.46 8.425 curveto
26.22794 8.425 26.00539 8.3328 25.8413 8.16872 curveto
25.67722 8.00462 25.585 7.78207 25.585 7.55 curveto
25.585 7.31793 25.67722 7.09538 25.8413 6.93129 curveto
26.00539 6.76721 26.22794 6.675 26.46 6.675 curveto
26.69208 6.675 26.91463 6.76721 27.07872 6.93129 curveto
27.2428 7.09538 27.335 7.31793 27.335 7.55 curveto closepath stroke
 0.00002 0.00018 0.00008 setrgbcolor
newpath 22.445 4.01 moveto
22.445 4.24207 22.3528 4.46461 22.18872 4.62871 curveto
22.02463 4.79279 21.80208 4.885 21.57 4.885 curveto
21.33794 4.885 21.11539 4.79279 20.9513 4.62871 curveto
20.78722 4.46461 20.695 4.24207 20.695 4.01 curveto
20.695 3.77792 20.78722 3.55537 20.9513 3.39128 curveto
21.11539 3.2272 21.33794 3.135 21.57 3.135 curveto
21.80208 3.135 22.02463 3.2272 22.18872 3.39128 curveto
22.3528 3.55537 22.445 3.77792 22.445 4.01 curveto closepath fill
 0.54 0.07 0.6 setrgbcolor
newpath 22.445 4.01 moveto
22.445 4.24207 22.3528 4.46461 22.18872 4.62871 curveto
22.02463 4.79279 21.80208 4.885 21.57 4.885 curveto
21.33794 4.885 21.11539 4.79279 20.9513 4.62871 curveto
20.78722 4.46461 20.695 4.24207 20.695 4.01 curveto
20.695 3.77792 20.78722 3.55537 20.9513 3.39128 curveto
21.11539 3.2272 21.33794 3.135 21.57 3.135 curveto
21.80208 3.135 22.02463 3.2272 22.18872 3.39128 curveto
22.3528 3.55537 22.445 3.77792 22.445 4.01 curveto closepath stroke
 0.00002 0.00018 0.00008 setrgbcolor
newpath 17.305 3.39 moveto
17.305 3.62207 17.21278 3.84462 17.0487 4.00871 curveto
16.88461 4.17279 16.66206 4.265 16.43 4.265 curveto
16.19792 4.265 15.97537 4.17279 15.81128 4.00871 curveto
15.6472 3.84462 15.555 3.62207 15.555 3.39 curveto
15.555 3.15793 15.6472 2.93538 15.81128 2.77129 curveto
15.97537 2.60721 16.19792 2.515 16.43 2.515 curveto
16.66206 2.515 16.88461 2.60721 17.0487 2.77129 curveto
17.21278 2.93538 17.305 3.15793 17.305 3.39 curveto closepath fill
 0.54 0.07 0.6 setrgbcolor
newpath 17.305 3.39 moveto
17.305 3.62207 17.21278 3.84462 17.0487 4.00871 curveto
16.88461 4.17279 16.66206 4.265 16.43 4.265 curveto
16.19792 4.265 15.97537 4.17279 15.81128 4.00871 curveto
15.6472 3.84462 15.555 3.62207 15.555 3.39 curveto
15.555 3.15793 15.6472 2.93538 15.81128 2.77129 curveto
15.97537 2.60721 16.19792 2.515 16.43 2.515 curveto
16.66206 2.515 16.88461 2.60721 17.0487 2.77129 curveto
17.21278 2.93538 17.305 3.15793 17.305 3.39 curveto closepath stroke
 0.00002 0.00018 0.00008 setrgbcolor
newpath 12.145 6.03 moveto
12.145 6.26207 12.0528 6.48462 11.88872 6.64871 curveto
11.72462 6.81279 11.50208 6.905 11.27 6.905 curveto
11.03793 6.905 10.81538 6.81279 10.65129 6.64871 curveto
10.48721 6.48462 10.395 6.26207 10.395 6.03 curveto
10.395 5.79793 10.48721 5.57538 10.65129 5.41129 curveto
10.81538 5.24721 11.03793 5.155 11.27 5.155 curveto
11.50208 5.155 11.72462 5.24721 11.88872 5.41129 curveto
12.0528 5.57538 12.145 5.79793 12.145 6.03 curveto closepath fill
 0.54 0.07 0.6 setrgbcolor
newpath 12.145 6.03 moveto
12.145 6.26207 12.0528 6.48462 11.88872 6.64871 curveto
11.72462 6.81279 11.50208 6.905 11.27 6.905 curveto
11.03793 6.905 10.81538 6.81279 10.65129 6.64871 curveto
10.48721 6.48462 10.395 6.26207 10.395 6.03 curveto
10.395 5.79793 10.48721 5.57538 10.65129 5.41129 curveto
10.81538 5.24721 11.03793 5.155 11.27 5.155 curveto
11.50208 5.155 11.72462 5.24721 11.88872 5.41129 curveto
12.0528 5.57538 12.145 5.79793 12.145 6.03 curveto closepath stroke
 0.00002 0.00018 0.00008 setrgbcolor
newpath 7.415 8.88 moveto
7.415 9.11208 7.32278 9.33463 7.1587 9.49872 curveto
6.99461 9.6628 6.77206 9.755 6.54 9.755 curveto
6.30792 9.755 6.08537 9.6628 5.92128 9.49872 curveto
5.7572 9.33463 5.665 9.11208 5.665 8.88 curveto
5.665 8.64793 5.7572 8.42538 5.92128 8.26129 curveto
6.08537 8.09721 6.30792 8.005 6.54 8.005 curveto
6.77206 8.005 6.99461 8.09721 7.1587 8.26129 curveto
7.32278 8.42538 7.415 8.64793 7.415 8.88 curveto closepath fill
 0.54 0.07 0.6 setrgbcolor
newpath 7.415 8.88 moveto
7.415 9.11208 7.32278 9.33463 7.1587 9.49872 curveto
6.99461 9.6628 6.77206 9.755 6.54 9.755 curveto
6.30792 9.755 6.08537 9.6628 5.92128 9.49872 curveto
5.7572 9.33463 5.665 9.11208 5.665 8.88 curveto
5.665 8.64793 5.7572 8.42538 5.92128 8.26129 curveto
6.08537 8.09721 6.30792 8.005 6.54 8.005 curveto
6.77206 8.005 6.99461 8.09721 7.1587 8.26129 curveto
7.32278 8.42538 7.415 8.64793 7.415 8.88 curveto closepath stroke
 0.00002 0.00018 0.00008 setrgbcolor
newpath 3.245 9.47 moveto
3.245 9.70207 3.15279 9.92462 2.98871 10.08871 curveto
2.82462 10.25279 2.60207 10.345 2.37 10.345 curveto
2.13792 10.345 1.91537 10.25279 1.75128 10.08871 curveto
1.5872 9.92462 1.495 9.70207 1.495 9.47 curveto
1.495 9.23793 1.5872 9.01538 1.75128 8.85129 curveto
1.91537 8.68721 2.13792 8.595 2.37 8.595 curveto
2.60207 8.595 2.82462 8.68721 2.98871 8.85129 curveto
3.15279 9.01538 3.245 9.23793 3.245 9.47 curveto closepath fill
 0.54 0.07 0.6 setrgbcolor
newpath 3.245 9.47 moveto
3.245 9.70207 3.15279 9.92462 2.98871 10.08871 curveto
2.82462 10.25279 2.60207 10.345 2.37 10.345 curveto
2.13792 10.345 1.91537 10.25279 1.75128 10.08871 curveto
1.5872 9.92462 1.495 9.70207 1.495 9.47 curveto
1.495 9.23793 1.5872 9.01538 1.75128 8.85129 curveto
1.91537 8.68721 2.13792 8.595 2.37 8.595 curveto
2.60207 8.595 2.82462 8.68721 2.98871 8.85129 curveto
3.15279 9.01538 3.245 9.23793 3.245 9.47 curveto closepath stroke
 0.00002 0.00018 0.00008 setrgbcolor
newpath 0.715 7.12 moveto
0.715 7.35207 0.62279 7.57462 0.45871 7.73871 curveto
0.29462 7.90279 0.07207 7.995 -0.16 7.995 curveto
-0.39207 7.995 -0.61462 7.90279 -0.77872 7.73871 curveto
-0.9428 7.57462 -1.035 7.35207 -1.035 7.12 curveto
-1.035 6.88792 -0.9428 6.66537 -0.77872 6.50128 curveto
-0.61462 6.3372 -0.39207 6.245 -0.16 6.245 curveto
0.07207 6.245 0.29462 6.3372 0.45871 6.50128 curveto
0.62279 6.66537 0.715 6.88792 0.715 7.12 curveto closepath fill
 0.54 0.07 0.6 setrgbcolor
newpath 0.715 7.12 moveto
0.715 7.35207 0.62279 7.57462 0.45871 7.73871 curveto
0.29462 7.90279 0.07207 7.995 -0.16 7.995 curveto
-0.39207 7.995 -0.61462 7.90279 -0.77872 7.73871 curveto
-0.9428 7.57462 -1.035 7.35207 -1.035 7.12 curveto
-1.035 6.88792 -0.9428 6.66537 -0.77872 6.50128 curveto
-0.61462 6.3372 -0.39207 6.245 -0.16 6.245 curveto
0.07207 6.245 0.29462 6.3372 0.45871 6.50128 curveto
0.62279 6.66537 0.715 6.88792 0.715 7.12 curveto closepath stroke
 0.00002 0.00018 0.00008 setrgbcolor
newpath -4.185 9.11 moveto
-4.185 9.34207 -4.2772 9.56462 -4.44128 9.72871 curveto
-4.60538 9.89279 -4.82793 9.985 -5.06 9.985 curveto
-5.29207 9.985 -5.51462 9.89279 -5.67871 9.72871 curveto
-5.84279 9.56462 -5.935 9.34207 -5.935 9.11 curveto
-5.935 8.87793 -5.84279 8.65538 -5.67871 8.49129 curveto
-5.51462 8.32721 -5.29207 8.235 -5.06 8.235 curveto
-4.82793 8.235 -4.60538 8.32721 -4.44128 8.49129 curveto
-4.2772 8.65538 -4.185 8.87793 -4.185 9.11 curveto closepath fill
 0.54 0.07 0.6 setrgbcolor
newpath -4.185 9.11 moveto
-4.185 9.34207 -4.2772 9.56462 -4.44128 9.72871 curveto
-4.60538 9.89279 -4.82793 9.985 -5.06 9.985 curveto
-5.29207 9.985 -5.51462 9.89279 -5.67871 9.72871 curveto
-5.84279 9.56462 -5.935 9.34207 -5.935 9.11 curveto
-5.935 8.87793 -5.84279 8.65538 -5.67871 8.49129 curveto
-5.51462 8.32721 -5.29207 8.235 -5.06 8.235 curveto
-4.82793 8.235 -4.60538 8.32721 -4.44128 8.49129 curveto
-4.2772 8.65538 -4.185 8.87793 -4.185 9.11 curveto closepath stroke
 0.00002 0.00018 0.00008 setrgbcolor
newpath -6.795 6.22 moveto
-6.795 6.45207 -6.8872 6.67462 -7.05128 6.83871 curveto
-7.21538 7.00279 -7.43793 7.095 -7.67 7.095 curveto
-7.90207 7.095 -8.12462 7.00279 -8.28871 6.83871 curveto
-8.45279 6.67462 -8.545 6.45207 -8.545 6.22 curveto
-8.545 5.98793 -8.45279 5.76538 -8.28871 5.60129 curveto
-8.12462 5.43721 -7.90207 5.345 -7.67 5.345 curveto
-7.43793 5.345 -7.21538 5.43721 -7.05128 5.60129 curveto
-6.8872 5.76538 -6.795 5.98793 -6.795 6.22 curveto closepath fill
 0.54 0.07 0.6 setrgbcolor
newpath -6.795 6.22 moveto
-6.795 6.45207 -6.8872 6.67462 -7.05128 6.83871 curveto
-7.21538 7.00279 -7.43793 7.095 -7.67 7.095 curveto
-7.90207 7.095 -8.12462 7.00279 -8.28871 6.83871 curveto
-8.45279 6.67462 -8.545 6.45207 -8.545 6.22 curveto
-8.545 5.98793 -8.45279 5.76538 -8.28871 5.60129 curveto
-8.12462 5.43721 -7.90207 5.345 -7.67 5.345 curveto
-7.43793 5.345 -7.21538 5.43721 -7.05128 5.60129 curveto
-6.8872 5.76538 -6.795 5.98793 -6.795 6.22 curveto closepath stroke
 0.00002 0.00018 0.00008 setrgbcolor
newpath -10.705 6.36 moveto
-10.705 6.59207 -10.79721 6.81462 -10.96129 6.97871 curveto
-11.12538 7.14279 -11.34793 7.235 -11.58 7.235 curveto
-11.81207 7.235 -12.03462 7.14279 -12.19872 6.97871 curveto
-12.3628 6.81462 -12.455 6.59207 -12.455 6.36 curveto
-12.455 6.12793 -12.3628 5.90538 -12.19872 5.74129 curveto
-12.03462 5.57721 -11.81207 5.485 -11.58 5.485 curveto
-11.34793 5.485 -11.12538 5.57721 -10.96129 5.74129 curveto
-10.79721 5.90538 -10.705 6.12793 -10.705 6.36 curveto closepath fill
 0.54 0.07 0.6 setrgbcolor
newpath -10.705 6.36 moveto
-10.705 6.59207 -10.79721 6.81462 -10.96129 6.97871 curveto
-11.12538 7.14279 -11.34793 7.235 -11.58 7.235 curveto
-11.81207 7.235 -12.03462 7.14279 -12.19872 6.97871 curveto
-12.3628 6.81462 -12.455 6.59207 -12.455 6.36 curveto
-12.455 6.12793 -12.3628 5.90538 -12.19872 5.74129 curveto
-12.03462 5.57721 -11.81207 5.485 -11.58 5.485 curveto
-11.34793 5.485 -11.12538 5.57721 -10.96129 5.74129 curveto
-10.79721 5.90538 -10.705 6.12793 -10.705 6.36 curveto closepath stroke
 0.00002 0.00018 0.00008 setrgbcolor
newpath -13.785 12.17 moveto
-13.785 12.40207 -13.87721 12.62462 -14.04129 12.78871 curveto
-14.20538 12.95279 -14.42793 13.045 -14.66 13.045 curveto
-14.89207 13.045 -15.11462 12.95279 -15.27872 12.78871 curveto
-15.4428 12.62462 -15.535 12.40207 -15.535 12.17 curveto
-15.535 11.93793 -15.4428 11.71538 -15.27872 11.55128 curveto
-15.11462 11.3872 -14.89207 11.295 -14.66 11.295 curveto
-14.42793 11.295 -14.20538 11.3872 -14.04129 11.55128 curveto
-13.87721 11.71538 -13.785 11.93793 -13.785 12.17 curveto closepath fill
 0.54 0.07 0.6 setrgbcolor
newpath -13.785 12.17 moveto
-13.785 12.40207 -13.87721 12.62462 -14.04129 12.78871 curveto
-14.20538 12.95279 -14.42793 13.045 -14.66 13.045 curveto
-14.89207 13.045 -15.11462 12.95279 -15.27872 12.78871 curveto
-15.4428 12.62462 -15.535 12.40207 -15.535 12.17 curveto
-15.535 11.93793 -15.4428 11.71538 -15.27872 11.55128 curveto
-15.11462 11.3872 -14.89207 11.295 -14.66 11.295 curveto
-14.42793 11.295 -14.20538 11.3872 -14.04129 11.55128 curveto
-13.87721 11.71538 -13.785 11.93793 -13.785 12.17 curveto closepath stroke
 0.00002 0.00018 0.00008 setrgbcolor
newpath -19.865 6.11 moveto
-19.865 6.34207 -19.95721 6.56462 -20.12129 6.72871 curveto
-20.28539 6.89279 -20.50793 6.985 -20.74 6.985 curveto
-20.97208 6.985 -21.19463 6.89279 -21.35872 6.72871 curveto
-21.5228 6.56462 -21.615 6.34207 -21.615 6.11 curveto
-21.615 5.87793 -21.5228 5.65538 -21.35872 5.49129 curveto
-21.19463 5.32721 -20.97208 5.235 -20.74 5.235 curveto
-20.50793 5.235 -20.28539 5.32721 -20.12129 5.49129 curveto
-19.95721 5.65538 -19.865 5.87793 -19.865 6.11 curveto closepath fill
 0.54 0.07 0.6 setrgbcolor
newpath -19.865 6.11 moveto
-19.865 6.34207 -19.95721 6.56462 -20.12129 6.72871 curveto
-20.28539 6.89279 -20.50793 6.985 -20.74 6.985 curveto
-20.97208 6.985 -21.19463 6.89279 -21.35872 6.72871 curveto
-21.5228 6.56462 -21.615 6.34207 -21.615 6.11 curveto
-21.615 5.87793 -21.5228 5.65538 -21.35872 5.49129 curveto
-21.19463 5.32721 -20.97208 5.235 -20.74 5.235 curveto
-20.50793 5.235 -20.28539 5.32721 -20.12129 5.49129 curveto
-19.95721 5.65538 -19.865 5.87793 -19.865 6.11 curveto closepath stroke
 0.00002 0.00018 0.00008 setrgbcolor
newpath -21.935 8.86 moveto
-21.935 9.09207 -22.0272 9.31462 -22.19128 9.47871 curveto
-22.35538 9.64279 -22.57793 9.735 -22.81 9.735 curveto
-23.04207 9.735 -23.26462 9.64279 -23.42871 9.47871 curveto
-23.59279 9.31462 -23.685 9.09207 -23.685 8.86 curveto
-23.685 8.62793 -23.59279 8.40538 -23.42871 8.24129 curveto
-23.26462 8.07721 -23.04207 7.985 -22.81 7.985 curveto
-22.57793 7.985 -22.35538 8.07721 -22.19128 8.24129 curveto
-22.0272 8.40538 -21.935 8.62793 -21.935 8.86 curveto closepath fill
 0.54 0.07 0.6 setrgbcolor
newpath -21.935 8.86 moveto
-21.935 9.09207 -22.0272 9.31462 -22.19128 9.47871 curveto
-22.35538 9.64279 -22.57793 9.735 -22.81 9.735 curveto
-23.04207 9.735 -23.26462 9.64279 -23.42871 9.47871 curveto
-23.59279 9.31462 -23.685 9.09207 -23.685 8.86 curveto
-23.685 8.62793 -23.59279 8.40538 -23.42871 8.24129 curveto
-23.26462 8.07721 -23.04207 7.985 -22.81 7.985 curveto
-22.57793 7.985 -22.35538 8.07721 -22.19128 8.24129 curveto
-22.0272 8.40538 -21.935 8.62793 -21.935 8.86 curveto closepath stroke
 0.00002 0.00018 0.00008 setrgbcolor
newpath -25.655 4.59 moveto
-25.655 4.82207 -25.74721 5.04462 -25.91129 5.20871 curveto
-26.07538 5.37279 -26.29793 5.465 -26.53 5.465 curveto
-26.76207 5.465 -26.98462 5.37279 -27.14871 5.20871 curveto
-27.31279 5.04462 -27.405 4.82207 -27.405 4.59 curveto
-27.405 4.35793 -27.31279 4.13538 -27.14871 3.97128 curveto
-26.98462 3.8072 -26.76207 3.715 -26.53 3.715 curveto
-26.29793 3.715 -26.07538 3.8072 -25.91129 3.97128 curveto
-25.74721 4.13538 -25.655 4.35793 -25.655 4.59 curveto closepath fill
 0.54 0.07 0.6 setrgbcolor
newpath -25.655 4.59 moveto
-25.655 4.82207 -25.74721 5.04462 -25.91129 5.20871 curveto
-26.07538 5.37279 -26.29793 5.465 -26.53 5.465 curveto
-26.76207 5.465 -26.98462 5.37279 -27.14871 5.20871 curveto
-27.31279 5.04462 -27.405 4.82207 -27.405 4.59 curveto
-27.405 4.35793 -27.31279 4.13538 -27.14871 3.97128 curveto
-26.98462 3.8072 -26.76207 3.715 -26.53 3.715 curveto
-26.29793 3.715 -26.07538 3.8072 -25.91129 3.97128 curveto
-25.74721 4.13538 -25.655 4.35793 -25.655 4.59 curveto closepath stroke
 0.00002 0.00018 0.00008 setrgbcolor
newpath -26.235 -1.97 moveto
-26.235 -1.73793 -26.32721 -1.51538 -26.49129 -1.35129 curveto
-26.65538 -1.18721 -26.87793 -1.095 -27.11 -1.095 curveto
-27.34207 -1.095 -27.56462 -1.18721 -27.72871 -1.35129 curveto
-27.89279 -1.51538 -27.985 -1.73793 -27.985 -1.97 curveto
-27.985 -2.20207 -27.89279 -2.42462 -27.72871 -2.58871 curveto
-27.56462 -2.75279 -27.34207 -2.845 -27.11 -2.845 curveto
-26.87793 -2.845 -26.65538 -2.75279 -26.49129 -2.58871 curveto
-26.32721 -2.42462 -26.235 -2.20207 -26.235 -1.97 curveto closepath fill
 0.54 0.07 0.6 setrgbcolor
newpath -26.235 -1.97 moveto
-26.235 -1.73793 -26.32721 -1.51538 -26.49129 -1.35129 curveto
-26.65538 -1.18721 -26.87793 -1.095 -27.11 -1.095 curveto
-27.34207 -1.095 -27.56462 -1.18721 -27.72871 -1.35129 curveto
-27.89279 -1.51538 -27.985 -1.73793 -27.985 -1.97 curveto
-27.985 -2.20207 -27.89279 -2.42462 -27.72871 -2.58871 curveto
-27.56462 -2.75279 -27.34207 -2.845 -27.11 -2.845 curveto
-26.87793 -2.845 -26.65538 -2.75279 -26.49129 -2.58871 curveto
-26.32721 -2.42462 -26.235 -2.20207 -26.235 -1.97 curveto closepath stroke
 0.00002 0.00018 0.00008 setrgbcolor
newpath -20.235 -5.59 moveto
-20.235 -5.35793 -20.32721 -5.13538 -20.49129 -4.97128 curveto
-20.65538 -4.8072 -20.87793 -4.715 -21.11 -4.715 curveto
-21.34207 -4.715 -21.56462 -4.8072 -21.72871 -4.97128 curveto
-21.89279 -5.13538 -21.985 -5.35793 -21.985 -5.59 curveto
-21.985 -5.82207 -21.89279 -6.04462 -21.72871 -6.20871 curveto
-21.56462 -6.37279 -21.34207 -6.465 -21.11 -6.465 curveto
-20.87793 -6.465 -20.65538 -6.37279 -20.49129 -6.20871 curveto
-20.32721 -6.04462 -20.235 -5.82207 -20.235 -5.59 curveto closepath fill
 0.54 0.07 0.6 setrgbcolor
newpath -20.235 -5.59 moveto
-20.235 -5.35793 -20.32721 -5.13538 -20.49129 -4.97128 curveto
-20.65538 -4.8072 -20.87793 -4.715 -21.11 -4.715 curveto
-21.34207 -4.715 -21.56462 -4.8072 -21.72871 -4.97128 curveto
-21.89279 -5.13538 -21.985 -5.35793 -21.985 -5.59 curveto
-21.985 -5.82207 -21.89279 -6.04462 -21.72871 -6.20871 curveto
-21.56462 -6.37279 -21.34207 -6.465 -21.11 -6.465 curveto
-20.87793 -6.465 -20.65538 -6.37279 -20.49129 -6.20871 curveto
-20.32721 -6.04462 -20.235 -5.82207 -20.235 -5.59 curveto closepath stroke
 0.00002 0.00018 0.00008 setrgbcolor
newpath -21.995 -9.95 moveto
-21.995 -9.71793 -22.0872 -9.49538 -22.25128 -9.33128 curveto
-22.41537 -9.1672 -22.63792 -9.075 -22.87 -9.075 curveto
-23.10207 -9.075 -23.32462 -9.1672 -23.48871 -9.33128 curveto
-23.65279 -9.49538 -23.745 -9.71793 -23.745 -9.95 curveto
-23.745 -10.18207 -23.65279 -10.40462 -23.48871 -10.56871 curveto
-23.32462 -10.73279 -23.10207 -10.825 -22.87 -10.825 curveto
-22.63792 -10.825 -22.41537 -10.73279 -22.25128 -10.56871 curveto
-22.0872 -10.40462 -21.995 -10.18207 -21.995 -9.95 curveto closepath fill
 0.54 0.07 0.6 setrgbcolor
newpath -21.995 -9.95 moveto
-21.995 -9.71793 -22.0872 -9.49538 -22.25128 -9.33128 curveto
-22.41537 -9.1672 -22.63792 -9.075 -22.87 -9.075 curveto
-23.10207 -9.075 -23.32462 -9.1672 -23.48871 -9.33128 curveto
-23.65279 -9.49538 -23.745 -9.71793 -23.745 -9.95 curveto
-23.745 -10.18207 -23.65279 -10.40462 -23.48871 -10.56871 curveto
-23.32462 -10.73279 -23.10207 -10.825 -22.87 -10.825 curveto
-22.63792 -10.825 -22.41537 -10.73279 -22.25128 -10.56871 curveto
-22.0872 -10.40462 -21.995 -10.18207 -21.995 -9.95 curveto closepath stroke
 0.00002 0.00018 0.00008 setrgbcolor
newpath -19.205 -8.77 moveto
-19.205 -8.53793 -19.29721 -8.31538 -19.46129 -8.15129 curveto
-19.62538 -7.98721 -19.84793 -7.895 -20.08 -7.895 curveto
-20.31207 -7.895 -20.53462 -7.98721 -20.69872 -8.15129 curveto
-20.8628 -8.31538 -20.955 -8.53793 -20.955 -8.77 curveto
-20.955 -9.00208 -20.8628 -9.22462 -20.69872 -9.38872 curveto
-20.53462 -9.5528 -20.31207 -9.645 -20.08 -9.645 curveto
-19.84793 -9.645 -19.62538 -9.5528 -19.46129 -9.38872 curveto
-19.29721 -9.22462 -19.205 -9.00208 -19.205 -8.77 curveto closepath fill
 0.54 0.07 0.6 setrgbcolor
newpath -19.205 -8.77 moveto
-19.205 -8.53793 -19.29721 -8.31538 -19.46129 -8.15129 curveto
-19.62538 -7.98721 -19.84793 -7.895 -20.08 -7.895 curveto
-20.31207 -7.895 -20.53462 -7.98721 -20.69872 -8.15129 curveto
-20.8628 -8.31538 -20.955 -8.53793 -20.955 -8.77 curveto
-20.955 -9.00208 -20.8628 -9.22462 -20.69872 -9.38872 curveto
-20.53462 -9.5528 -20.31207 -9.645 -20.08 -9.645 curveto
-19.84793 -9.645 -19.62538 -9.5528 -19.46129 -9.38872 curveto
-19.29721 -9.22462 -19.205 -9.00208 -19.205 -8.77 curveto closepath stroke
 0.00002 0.00018 0.00008 setrgbcolor
newpath -18.195 -13.56 moveto
-18.195 -13.32793 -18.28722 -13.10538 -18.4513 -12.94128 curveto
-18.61539 -12.7772 -18.83794 -12.685 -19.07 -12.685 curveto
-19.30208 -12.685 -19.52463 -12.7772 -19.68872 -12.94128 curveto
-19.8528 -13.10538 -19.945 -13.32793 -19.945 -13.56 curveto
-19.945 -13.79207 -19.8528 -14.01462 -19.68872 -14.17871 curveto
-19.52463 -14.34279 -19.30208 -14.435 -19.07 -14.435 curveto
-18.83794 -14.435 -18.61539 -14.34279 -18.4513 -14.17871 curveto
-18.28722 -14.01462 -18.195 -13.79207 -18.195 -13.56 curveto closepath fill
 0.54 0.07 0.6 setrgbcolor
newpath -18.195 -13.56 moveto
-18.195 -13.32793 -18.28722 -13.10538 -18.4513 -12.94128 curveto
-18.61539 -12.7772 -18.83794 -12.685 -19.07 -12.685 curveto
-19.30208 -12.685 -19.52463 -12.7772 -19.68872 -12.94128 curveto
-19.8528 -13.10538 -19.945 -13.32793 -19.945 -13.56 curveto
-19.945 -13.79207 -19.8528 -14.01462 -19.68872 -14.17871 curveto
-19.52463 -14.34279 -19.30208 -14.435 -19.07 -14.435 curveto
-18.83794 -14.435 -18.61539 -14.34279 -18.4513 -14.17871 curveto
-18.28722 -14.01462 -18.195 -13.79207 -18.195 -13.56 curveto closepath stroke
 0.00002 0.00018 0.00008 setrgbcolor
newpath -10.965 -19.03 moveto
-10.965 -18.79793 -11.0572 -18.57538 -11.22128 -18.41129 curveto
-11.38538 -18.24721 -11.60793 -18.155 -11.84 -18.155 curveto
-12.07207 -18.155 -12.29462 -18.24721 -12.45871 -18.41129 curveto
-12.62279 -18.57538 -12.715 -18.79793 -12.715 -19.03 curveto
-12.715 -19.26207 -12.62279 -19.48462 -12.45871 -19.64871 curveto
-12.29462 -19.81279 -12.07207 -19.905 -11.84 -19.905 curveto
-11.60793 -19.905 -11.38538 -19.81279 -11.22128 -19.64871 curveto
-11.0572 -19.48462 -10.965 -19.26207 -10.965 -19.03 curveto closepath fill
 0.54 0.07 0.6 setrgbcolor
newpath -10.965 -19.03 moveto
-10.965 -18.79793 -11.0572 -18.57538 -11.22128 -18.41129 curveto
-11.38538 -18.24721 -11.60793 -18.155 -11.84 -18.155 curveto
-12.07207 -18.155 -12.29462 -18.24721 -12.45871 -18.41129 curveto
-12.62279 -18.57538 -12.715 -18.79793 -12.715 -19.03 curveto
-12.715 -19.26207 -12.62279 -19.48462 -12.45871 -19.64871 curveto
-12.29462 -19.81279 -12.07207 -19.905 -11.84 -19.905 curveto
-11.60793 -19.905 -11.38538 -19.81279 -11.22128 -19.64871 curveto
-11.0572 -19.48462 -10.965 -19.26207 -10.965 -19.03 curveto closepath stroke
 0.00002 0.00018 0.00008 setrgbcolor
newpath -5.345 -29.62 moveto
-5.345 -29.38792 -5.43721 -29.16537 -5.60129 -29.00128 curveto
-5.76538 -28.8372 -5.98793 -28.745 -6.22 -28.745 curveto
-6.45207 -28.745 -6.67462 -28.8372 -6.83871 -29.00128 curveto
-7.00279 -29.16537 -7.095 -29.38792 -7.095 -29.62 curveto
-7.095 -29.85207 -7.00279 -30.07462 -6.83871 -30.23871 curveto
-6.67462 -30.40279 -6.45207 -30.495 -6.22 -30.495 curveto
-5.98793 -30.495 -5.76538 -30.40279 -5.60129 -30.23871 curveto
-5.43721 -30.07462 -5.345 -29.85207 -5.345 -29.62 curveto closepath fill
 0.54 0.07 0.6 setrgbcolor
newpath -5.345 -29.62 moveto
-5.345 -29.38792 -5.43721 -29.16537 -5.60129 -29.00128 curveto
-5.76538 -28.8372 -5.98793 -28.745 -6.22 -28.745 curveto
-6.45207 -28.745 -6.67462 -28.8372 -6.83871 -29.00128 curveto
-7.00279 -29.16537 -7.095 -29.38792 -7.095 -29.62 curveto
-7.095 -29.85207 -7.00279 -30.07462 -6.83871 -30.23871 curveto
-6.67462 -30.40279 -6.45207 -30.495 -6.22 -30.495 curveto
-5.98793 -30.495 -5.76538 -30.40279 -5.60129 -30.23871 curveto
-5.43721 -30.07462 -5.345 -29.85207 -5.345 -29.62 curveto closepath stroke
 0.00002 0.00018 0.00008 setrgbcolor
newpath -2.135 -38.48 moveto
-2.135 -38.24792 -2.2272 -38.02538 -2.39128 -37.86128 curveto
-2.55537 -37.6972 -2.77792 -37.605 -3.01 -37.605 curveto
-3.24207 -37.605 -3.46461 -37.6972 -3.62871 -37.86128 curveto
-3.79279 -38.02538 -3.885 -38.24792 -3.885 -38.48 curveto
-3.885 -38.71207 -3.79279 -38.93462 -3.62871 -39.09871 curveto
-3.46461 -39.26279 -3.24207 -39.355 -3.01 -39.355 curveto
-2.77792 -39.355 -2.55537 -39.26279 -2.39128 -39.09871 curveto
-2.2272 -38.93462 -2.135 -38.71207 -2.135 -38.48 curveto closepath fill
 0.54 0.07 0.6 setrgbcolor
newpath -2.135 -38.48 moveto
-2.135 -38.24792 -2.2272 -38.02538 -2.39128 -37.86128 curveto
-2.55537 -37.6972 -2.77792 -37.605 -3.01 -37.605 curveto
-3.24207 -37.605 -3.46461 -37.6972 -3.62871 -37.86128 curveto
-3.79279 -38.02538 -3.885 -38.24792 -3.885 -38.48 curveto
-3.885 -38.71207 -3.79279 -38.93462 -3.62871 -39.09871 curveto
-3.46461 -39.26279 -3.24207 -39.355 -3.01 -39.355 curveto
-2.77792 -39.355 -2.55537 -39.26279 -2.39128 -39.09871 curveto
-2.2272 -38.93462 -2.135 -38.71207 -2.135 -38.48 curveto closepath stroke
 0.00002 0.00018 0.00008 setrgbcolor
newpath -3.625 -42.14 moveto
-3.625 -41.90793 -3.71721 -41.68538 -3.88129 -41.52129 curveto
-4.04538 -41.35721 -4.26793 -41.265 -4.5 -41.265 curveto
-4.73207 -41.265 -4.95462 -41.35721 -5.11871 -41.52129 curveto
-5.28279 -41.68538 -5.375 -41.90793 -5.375 -42.14 curveto
-5.375 -42.37207 -5.28279 -42.59462 -5.11871 -42.75871 curveto
-4.95462 -42.92279 -4.73207 -43.015 -4.5 -43.015 curveto
-4.26793 -43.015 -4.04538 -42.92279 -3.88129 -42.75871 curveto
-3.71721 -42.59462 -3.625 -42.37207 -3.625 -42.14 curveto closepath fill
 0.54 0.07 0.6 setrgbcolor
newpath -3.625 -42.14 moveto
-3.625 -41.90793 -3.71721 -41.68538 -3.88129 -41.52129 curveto
-4.04538 -41.35721 -4.26793 -41.265 -4.5 -41.265 curveto
-4.73207 -41.265 -4.95462 -41.35721 -5.11871 -41.52129 curveto
-5.28279 -41.68538 -5.375 -41.90793 -5.375 -42.14 curveto
-5.375 -42.37207 -5.28279 -42.59462 -5.11871 -42.75871 curveto
-4.95462 -42.92279 -4.73207 -43.015 -4.5 -43.015 curveto
-4.26793 -43.015 -4.04538 -42.92279 -3.88129 -42.75871 curveto
-3.71721 -42.59462 -3.625 -42.37207 -3.625 -42.14 curveto closepath stroke
 0.00002 0.00018 0.00008 setrgbcolor
newpath 4.085 -51.04 moveto
4.085 -50.80792 3.9928 -50.58537 3.82872 -50.42128 curveto
3.66463 -50.2572 3.44208 -50.165 3.21 -50.165 curveto
2.97794 -50.165 2.75539 -50.2572 2.5913 -50.42128 curveto
2.42722 -50.58537 2.335 -50.80792 2.335 -51.04 curveto
2.335 -51.27206 2.42722 -51.49461 2.5913 -51.6587 curveto
2.75539 -51.82278 2.97794 -51.915 3.21 -51.915 curveto
3.44208 -51.915 3.66463 -51.82278 3.82872 -51.6587 curveto
3.9928 -51.49461 4.085 -51.27206 4.085 -51.04 curveto closepath fill
 0.54 0.07 0.6 setrgbcolor
newpath 4.085 -51.04 moveto
4.085 -50.80792 3.9928 -50.58537 3.82872 -50.42128 curveto
3.66463 -50.2572 3.44208 -50.165 3.21 -50.165 curveto
2.97794 -50.165 2.75539 -50.2572 2.5913 -50.42128 curveto
2.42722 -50.58537 2.335 -50.80792 2.335 -51.04 curveto
2.335 -51.27206 2.42722 -51.49461 2.5913 -51.6587 curveto
2.75539 -51.82278 2.97794 -51.915 3.21 -51.915 curveto
3.44208 -51.915 3.66463 -51.82278 3.82872 -51.6587 curveto
3.9928 -51.49461 4.085 -51.27206 4.085 -51.04 curveto closepath stroke
 0.00002 0.00018 0.00008 setrgbcolor
newpath 3.395 -57.45 moveto
3.395 -57.21793 3.3028 -56.99538 3.13872 -56.83128 curveto
2.97462 -56.6672 2.75208 -56.575 2.52 -56.575 curveto
2.28793 -56.575 2.06538 -56.6672 1.90129 -56.83128 curveto
1.73721 -56.99538 1.645 -57.21793 1.645 -57.45 curveto
1.645 -57.68207 1.73721 -57.90462 1.90129 -58.06871 curveto
2.06538 -58.23279 2.28793 -58.325 2.52 -58.325 curveto
2.75208 -58.325 2.97462 -58.23279 3.13872 -58.06871 curveto
3.3028 -57.90462 3.395 -57.68207 3.395 -57.45 curveto closepath fill
 0.54 0.07 0.6 setrgbcolor
newpath 3.395 -57.45 moveto
3.395 -57.21793 3.3028 -56.99538 3.13872 -56.83128 curveto
2.97462 -56.6672 2.75208 -56.575 2.52 -56.575 curveto
2.28793 -56.575 2.06538 -56.6672 1.90129 -56.83128 curveto
1.73721 -56.99538 1.645 -57.21793 1.645 -57.45 curveto
1.645 -57.68207 1.73721 -57.90462 1.90129 -58.06871 curveto
2.06538 -58.23279 2.28793 -58.325 2.52 -58.325 curveto
2.75208 -58.325 2.97462 -58.23279 3.13872 -58.06871 curveto
3.3028 -57.90462 3.395 -57.68207 3.395 -57.45 curveto closepath stroke
 0.00002 0.00018 0.00008 setrgbcolor
newpath 5.385 -52.54 moveto
5.385 -52.30792 5.29279 -52.08537 5.12871 -51.92128 curveto
4.96461 -51.7572 4.74207 -51.665 4.51 -51.665 curveto
4.27792 -51.665 4.05537 -51.7572 3.89128 -51.92128 curveto
3.7272 -52.08537 3.635 -52.30792 3.635 -52.54 curveto
3.635 -52.77206 3.7272 -52.99461 3.89128 -53.1587 curveto
4.05537 -53.32278 4.27792 -53.415 4.51 -53.415 curveto
4.74207 -53.415 4.96461 -53.32278 5.12871 -53.1587 curveto
5.29279 -52.99461 5.385 -52.77206 5.385 -52.54 curveto closepath fill
 0.54 0.07 0.6 setrgbcolor
newpath 5.385 -52.54 moveto
5.385 -52.30792 5.29279 -52.08537 5.12871 -51.92128 curveto
4.96461 -51.7572 4.74207 -51.665 4.51 -51.665 curveto
4.27792 -51.665 4.05537 -51.7572 3.89128 -51.92128 curveto
3.7272 -52.08537 3.635 -52.30792 3.635 -52.54 curveto
3.635 -52.77206 3.7272 -52.99461 3.89128 -53.1587 curveto
4.05537 -53.32278 4.27792 -53.415 4.51 -53.415 curveto
4.74207 -53.415 4.96461 -53.32278 5.12871 -53.1587 curveto
5.29279 -52.99461 5.385 -52.77206 5.385 -52.54 curveto closepath stroke
 0.00002 0.00018 0.00008 setrgbcolor
newpath 8.405 -57.63 moveto
8.405 -57.39793 8.31279 -57.17538 8.14871 -57.01129 curveto
7.98462 -56.84721 7.76207 -56.755 7.53 -56.755 curveto
7.29793 -56.755 7.07538 -56.84721 6.91129 -57.01129 curveto
6.74721 -57.17538 6.655 -57.39793 6.655 -57.63 curveto
6.655 -57.86208 6.74721 -58.08463 6.91129 -58.24872 curveto
7.07538 -58.4128 7.29793 -58.505 7.53 -58.505 curveto
7.76207 -58.505 7.98462 -58.4128 8.14871 -58.24872 curveto
8.31279 -58.08463 8.405 -57.86208 8.405 -57.63 curveto closepath fill
 0.54 0.07 0.6 setrgbcolor
newpath 8.405 -57.63 moveto
8.405 -57.39793 8.31279 -57.17538 8.14871 -57.01129 curveto
7.98462 -56.84721 7.76207 -56.755 7.53 -56.755 curveto
7.29793 -56.755 7.07538 -56.84721 6.91129 -57.01129 curveto
6.74721 -57.17538 6.655 -57.39793 6.655 -57.63 curveto
6.655 -57.86208 6.74721 -58.08463 6.91129 -58.24872 curveto
7.07538 -58.4128 7.29793 -58.505 7.53 -58.505 curveto
7.76207 -58.505 7.98462 -58.4128 8.14871 -58.24872 curveto
8.31279 -58.08463 8.405 -57.86208 8.405 -57.63 curveto closepath stroke
 0.00002 0.00018 0.00008 setrgbcolor
newpath 16.685 -64.84 moveto
16.685 -64.60793 16.59279 -64.38538 16.42871 -64.22128 curveto
16.26462 -64.0572 16.04207 -63.965 15.81 -63.965 curveto
15.57793 -63.965 15.35538 -64.0572 15.19128 -64.22128 curveto
15.0272 -64.38538 14.935 -64.60793 14.935 -64.84 curveto
14.935 -65.07207 15.0272 -65.29462 15.19128 -65.45871 curveto
15.35538 -65.62279 15.57793 -65.715 15.81 -65.715 curveto
16.04207 -65.715 16.26462 -65.62279 16.42871 -65.45871 curveto
16.59279 -65.29462 16.685 -65.07207 16.685 -64.84 curveto closepath fill
 0.54 0.07 0.6 setrgbcolor
newpath 16.685 -64.84 moveto
16.685 -64.60793 16.59279 -64.38538 16.42871 -64.22128 curveto
16.26462 -64.0572 16.04207 -63.965 15.81 -63.965 curveto
15.57793 -63.965 15.35538 -64.0572 15.19128 -64.22128 curveto
15.0272 -64.38538 14.935 -64.60793 14.935 -64.84 curveto
14.935 -65.07207 15.0272 -65.29462 15.19128 -65.45871 curveto
15.35538 -65.62279 15.57793 -65.715 15.81 -65.715 curveto
16.04207 -65.715 16.26462 -65.62279 16.42871 -65.45871 curveto
16.59279 -65.29462 16.685 -65.07207 16.685 -64.84 curveto closepath stroke
 0.00002 0.00018 0.00008 setrgbcolor
newpath 18.205 -67.29 moveto
18.205 -67.05792 18.1128 -66.83537 17.94872 -66.67128 curveto
17.78462 -66.5072 17.56207 -66.415 17.33 -66.415 curveto
17.09793 -66.415 16.87538 -66.5072 16.71129 -66.67128 curveto
16.54721 -66.83537 16.455 -67.05792 16.455 -67.29 curveto
16.455 -67.52206 16.54721 -67.74461 16.71129 -67.9087 curveto
16.87538 -68.07278 17.09793 -68.165 17.33 -68.165 curveto
17.56207 -68.165 17.78462 -68.07278 17.94872 -67.9087 curveto
18.1128 -67.74461 18.205 -67.52206 18.205 -67.29 curveto closepath fill
 0.54 0.07 0.6 setrgbcolor
newpath 18.205 -67.29 moveto
18.205 -67.05792 18.1128 -66.83537 17.94872 -66.67128 curveto
17.78462 -66.5072 17.56207 -66.415 17.33 -66.415 curveto
17.09793 -66.415 16.87538 -66.5072 16.71129 -66.67128 curveto
16.54721 -66.83537 16.455 -67.05792 16.455 -67.29 curveto
16.455 -67.52206 16.54721 -67.74461 16.71129 -67.9087 curveto
16.87538 -68.07278 17.09793 -68.165 17.33 -68.165 curveto
17.56207 -68.165 17.78462 -68.07278 17.94872 -67.9087 curveto
18.1128 -67.74461 18.205 -67.52206 18.205 -67.29 curveto closepath stroke
 0.00002 0.00018 0.00008 setrgbcolor
newpath 21.675 -71.44 moveto
21.675 -71.20793 21.5828 -70.98538 21.41872 -70.82129 curveto
21.25462 -70.65721 21.03207 -70.565 20.8 -70.565 curveto
20.56793 -70.565 20.34538 -70.65721 20.18129 -70.82129 curveto
20.01721 -70.98538 19.925 -71.20793 19.925 -71.44 curveto
19.925 -71.67207 20.01721 -71.89462 20.18129 -72.05872 curveto
20.34538 -72.2228 20.56793 -72.315 20.8 -72.315 curveto
21.03207 -72.315 21.25462 -72.2228 21.41872 -72.05872 curveto
21.5828 -71.89462 21.675 -71.67207 21.675 -71.44 curveto closepath fill
 0.54 0.07 0.6 setrgbcolor
newpath 21.675 -71.44 moveto
21.675 -71.20793 21.5828 -70.98538 21.41872 -70.82129 curveto
21.25462 -70.65721 21.03207 -70.565 20.8 -70.565 curveto
20.56793 -70.565 20.34538 -70.65721 20.18129 -70.82129 curveto
20.01721 -70.98538 19.925 -71.20793 19.925 -71.44 curveto
19.925 -71.67207 20.01721 -71.89462 20.18129 -72.05872 curveto
20.34538 -72.2228 20.56793 -72.315 20.8 -72.315 curveto
21.03207 -72.315 21.25462 -72.2228 21.41872 -72.05872 curveto
21.5828 -71.89462 21.675 -71.67207 21.675 -71.44 curveto closepath stroke
 0.00002 0.00018 0.00008 setrgbcolor
newpath 18.735 -75.96 moveto
18.735 -75.72794 18.64279 -75.50539 18.47871 -75.3413 curveto
18.31462 -75.17722 18.09207 -75.085 17.86 -75.085 curveto
17.62793 -75.085 17.40538 -75.17722 17.24129 -75.3413 curveto
17.07721 -75.50539 16.985 -75.72794 16.985 -75.96 curveto
16.985 -76.19208 17.07721 -76.41463 17.24129 -76.57872 curveto
17.40538 -76.7428 17.62793 -76.835 17.86 -76.835 curveto
18.09207 -76.835 18.31462 -76.7428 18.47871 -76.57872 curveto
18.64279 -76.41463 18.735 -76.19208 18.735 -75.96 curveto closepath fill
 0.54 0.07 0.6 setrgbcolor
newpath 18.735 -75.96 moveto
18.735 -75.72794 18.64279 -75.50539 18.47871 -75.3413 curveto
18.31462 -75.17722 18.09207 -75.085 17.86 -75.085 curveto
17.62793 -75.085 17.40538 -75.17722 17.24129 -75.3413 curveto
17.07721 -75.50539 16.985 -75.72794 16.985 -75.96 curveto
16.985 -76.19208 17.07721 -76.41463 17.24129 -76.57872 curveto
17.40538 -76.7428 17.62793 -76.835 17.86 -76.835 curveto
18.09207 -76.835 18.31462 -76.7428 18.47871 -76.57872 curveto
18.64279 -76.41463 18.735 -76.19208 18.735 -75.96 curveto closepath stroke
 0.00002 0.00018 0.00008 setrgbcolor
newpath 17.355 -81.34 moveto
17.355 -81.10793 17.26279 -80.88538 17.09871 -80.72128 curveto
16.93462 -80.5572 16.71207 -80.465 16.48 -80.465 curveto
16.24792 -80.465 16.02538 -80.5572 15.86128 -80.72128 curveto
15.6972 -80.88538 15.605 -81.10793 15.605 -81.34 curveto
15.605 -81.57207 15.6972 -81.79462 15.86128 -81.95871 curveto
16.02538 -82.12279 16.24792 -82.215 16.48 -82.215 curveto
16.71207 -82.215 16.93462 -82.12279 17.09871 -81.95871 curveto
17.26279 -81.79462 17.355 -81.57207 17.355 -81.34 curveto closepath fill
 0.54 0.07 0.6 setrgbcolor
newpath 17.355 -81.34 moveto
17.355 -81.10793 17.26279 -80.88538 17.09871 -80.72128 curveto
16.93462 -80.5572 16.71207 -80.465 16.48 -80.465 curveto
16.24792 -80.465 16.02538 -80.5572 15.86128 -80.72128 curveto
15.6972 -80.88538 15.605 -81.10793 15.605 -81.34 curveto
15.605 -81.57207 15.6972 -81.79462 15.86128 -81.95871 curveto
16.02538 -82.12279 16.24792 -82.215 16.48 -82.215 curveto
16.71207 -82.215 16.93462 -82.12279 17.09871 -81.95871 curveto
17.26279 -81.79462 17.355 -81.57207 17.355 -81.34 curveto closepath stroke
 0.00002 0.00018 0.00008 setrgbcolor
newpath 16.295 -76.75 moveto
16.295 -76.51793 16.20279 -76.29538 16.03871 -76.13129 curveto
15.87462 -75.96721 15.65207 -75.875 15.42 -75.875 curveto
15.18793 -75.875 14.96538 -75.96721 14.80128 -76.13129 curveto
14.6372 -76.29538 14.545 -76.51793 14.545 -76.75 curveto
14.545 -76.98207 14.6372 -77.20462 14.80128 -77.36871 curveto
14.96538 -77.53279 15.18793 -77.625 15.42 -77.625 curveto
15.65207 -77.625 15.87462 -77.53279 16.03871 -77.36871 curveto
16.20279 -77.20462 16.295 -76.98207 16.295 -76.75 curveto closepath fill
 0.54 0.07 0.6 setrgbcolor
newpath 16.295 -76.75 moveto
16.295 -76.51793 16.20279 -76.29538 16.03871 -76.13129 curveto
15.87462 -75.96721 15.65207 -75.875 15.42 -75.875 curveto
15.18793 -75.875 14.96538 -75.96721 14.80128 -76.13129 curveto
14.6372 -76.29538 14.545 -76.51793 14.545 -76.75 curveto
14.545 -76.98207 14.6372 -77.20462 14.80128 -77.36871 curveto
14.96538 -77.53279 15.18793 -77.625 15.42 -77.625 curveto
15.65207 -77.625 15.87462 -77.53279 16.03871 -77.36871 curveto
16.20279 -77.20462 16.295 -76.98207 16.295 -76.75 curveto closepath stroke
 0.00002 0.00018 0.00008 setrgbcolor
newpath 14.365 -84.9 moveto
14.365 -84.66792 14.2728 -84.44537 14.10872 -84.28128 curveto
13.94463 -84.1172 13.72208 -84.025 13.49 -84.025 curveto
13.25793 -84.025 13.03539 -84.1172 12.87129 -84.28128 curveto
12.70721 -84.44537 12.615 -84.66792 12.615 -84.9 curveto
12.615 -85.13206 12.70721 -85.35461 12.87129 -85.5187 curveto
13.03539 -85.68279 13.25793 -85.775 13.49 -85.775 curveto
13.72208 -85.775 13.94463 -85.68279 14.10872 -85.5187 curveto
14.2728 -85.35461 14.365 -85.13206 14.365 -84.9 curveto closepath fill
 0.54 0.07 0.6 setrgbcolor
newpath 14.365 -84.9 moveto
14.365 -84.66792 14.2728 -84.44537 14.10872 -84.28128 curveto
13.94463 -84.1172 13.72208 -84.025 13.49 -84.025 curveto
13.25793 -84.025 13.03539 -84.1172 12.87129 -84.28128 curveto
12.70721 -84.44537 12.615 -84.66792 12.615 -84.9 curveto
12.615 -85.13206 12.70721 -85.35461 12.87129 -85.5187 curveto
13.03539 -85.68279 13.25793 -85.775 13.49 -85.775 curveto
13.72208 -85.775 13.94463 -85.68279 14.10872 -85.5187 curveto
14.2728 -85.35461 14.365 -85.13206 14.365 -84.9 curveto closepath stroke
 0.00002 0.00018 0.00008 setrgbcolor
newpath 8.105 -87.29 moveto
8.105 -87.05792 8.01279 -86.83537 7.84871 -86.67128 curveto
7.68462 -86.5072 7.46207 -86.415 7.23 -86.415 curveto
6.99792 -86.415 6.77538 -86.5072 6.61128 -86.67128 curveto
6.4472 -86.83537 6.355 -87.05792 6.355 -87.29 curveto
6.355 -87.52206 6.4472 -87.74461 6.61128 -87.9087 curveto
6.77538 -88.07278 6.99792 -88.165 7.23 -88.165 curveto
7.46207 -88.165 7.68462 -88.07278 7.84871 -87.9087 curveto
8.01279 -87.74461 8.105 -87.52206 8.105 -87.29 curveto closepath fill
 0.54 0.07 0.6 setrgbcolor
newpath 8.105 -87.29 moveto
8.105 -87.05792 8.01279 -86.83537 7.84871 -86.67128 curveto
7.68462 -86.5072 7.46207 -86.415 7.23 -86.415 curveto
6.99792 -86.415 6.77538 -86.5072 6.61128 -86.67128 curveto
6.4472 -86.83537 6.355 -87.05792 6.355 -87.29 curveto
6.355 -87.52206 6.4472 -87.74461 6.61128 -87.9087 curveto
6.77538 -88.07278 6.99792 -88.165 7.23 -88.165 curveto
7.46207 -88.165 7.68462 -88.07278 7.84871 -87.9087 curveto
8.01279 -87.74461 8.105 -87.52206 8.105 -87.29 curveto closepath stroke
 0.00002 0.00018 0.00008 setrgbcolor
newpath 3.735 -85.69 moveto
3.735 -85.45793 3.64279 -85.23538 3.47871 -85.07129 curveto
3.31462 -84.90721 3.09207 -84.815 2.86 -84.815 curveto
2.62793 -84.815 2.40538 -84.90721 2.24129 -85.07129 curveto
2.07721 -85.23538 1.985 -85.45793 1.985 -85.69 curveto
1.985 -85.92207 2.07721 -86.14462 2.24129 -86.30872 curveto
2.40538 -86.4728 2.62793 -86.565 2.86 -86.565 curveto
3.09207 -86.565 3.31462 -86.4728 3.47871 -86.30872 curveto
3.64279 -86.14462 3.735 -85.92207 3.735 -85.69 curveto closepath fill
 0.54 0.07 0.6 setrgbcolor
newpath 3.735 -85.69 moveto
3.735 -85.45793 3.64279 -85.23538 3.47871 -85.07129 curveto
3.31462 -84.90721 3.09207 -84.815 2.86 -84.815 curveto
2.62793 -84.815 2.40538 -84.90721 2.24129 -85.07129 curveto
2.07721 -85.23538 1.985 -85.45793 1.985 -85.69 curveto
1.985 -85.92207 2.07721 -86.14462 2.24129 -86.30872 curveto
2.40538 -86.4728 2.62793 -86.565 2.86 -86.565 curveto
3.09207 -86.565 3.31462 -86.4728 3.47871 -86.30872 curveto
3.64279 -86.14462 3.735 -85.92207 3.735 -85.69 curveto closepath stroke
showpage
%%EOF
