%!PS
%%BoundingBox: -70 -61 85 60 
%%HiResBoundingBox: -69.09189 -60.40622 84.16 59.49863 
%%Creator: MetaPost 1.999
%%CreationDate: 2017.07.18:1140
%%Pages: 1
%%BeginProlog
%%EndProlog
%%Page: 1 1
 0 0 0 setrgbcolor 0 0.7 dtransform truncate idtransform setlinewidth pop
 [] 0 setdash 1 setlinecap 1 setlinejoin 10 setmiterlimit
newpath 77.72 57.39 moveto
77.72 57.39 74.75 59.64 72.65 59.05 curveto
70.52 58.45 70.58 56.29 68.25 56.76 curveto
65.9 57.24 62.23 60.21 61.74 58.58 curveto
61.25 56.94 62.4 54.63 63.73 52.14 curveto
65.07 49.66 66.73 47.36 66.71 45.9 curveto
66.69 44.55 65.1 42.48 63.95 44.15 curveto
63.03 45.47 63.09 46.03 61.51 44.94 curveto
59.96 43.88 58.69 43.37 56.9 43.13 curveto
55.11 42.9 50.14 41.14 49.45 40.4 curveto
48.75 39.66 47.36 38.54 45.4 37.95 curveto
43.45 37.36 40.06 37.08 38.79 37.58 curveto
37.53 38.09 33.1 36.73 31.5 35.79 curveto
29.91 34.86 26.53 33.34 28.17 32.66 curveto
29.81 31.98 31.27 31.11 30.39 30.37 curveto
29.52 29.63 32.46 27.18 31.02 26.96 curveto
29.6 26.75 27.29 25.63 24.76 26.47 curveto
22.23 27.31 17.74 27.4 17.35 29.37 curveto
16.95 31.34 16.85 36.02 15.73 37.97 curveto
14.61 39.93 10.37 45.24 10.37 45.24 curveto
10.37 45.24 9.42 47.55 6.91 47.14 curveto
4.41 46.72 4.75 39.72 3.06 42.74 curveto
1.37 45.76 1.27 50.43 1.27 50.43 curveto stroke
 0 0.35 dtransform truncate idtransform setlinewidth pop
newpath 19.37 14.12 moveto
19.37 14.12 19.05 18.08 18.81 20.23 curveto
18.57 22.39 16.75 23.43 16.54 24.68 curveto
16.34 25.93 12.68 29.27 12.28 31.25 curveto
11.88 33.22 10.24 34.44 9.84 36.42 curveto
9.43 38.39 6.61 37.25 6.61 37.25 curveto stroke
newpath 19.10184 7.29068 moveto
18.11978 12.80377 lineto stroke
newpath 20.48022 7.53622 moveto
19.49817 13.04932 lineto stroke
newpath 13.04 22.62 moveto
13.04 22.62 15.72 21.96 15.78 20.17 curveto
15.85 18.36 14.51 15.63 14.51 15.63 curveto stroke
newpath 16.33 14.41 moveto
16.33 14.41 17.6 18.95 17.65 17.51 curveto
17.71 16.06 17.95 13.91 17.95 13.91 curveto stroke
newpath 7.76 34.21 moveto
7.76 34.21 9.53 34.79 9.75 32.99 curveto
9.98 31.2 11.42 29.97 11.27 29.06 curveto
11.12 28.16 9.5 29.02 9.5 29.02 curveto stroke
newpath -0.3565 58.46219 moveto
0.46158 52.92233 lineto stroke
newpath -1.74158 58.25766 moveto
-0.9235 52.7178 lineto stroke
newpath -8.97118 31.87517 moveto
-3.37126 31.8849 lineto stroke
newpath -8.96873 30.47508 moveto
-3.36882 30.48482 lineto stroke
 0 0.7 dtransform truncate idtransform setlinewidth pop
newpath -1.41 49.83 moveto
-1.41 49.83 0.34 43.76 1.17 38.92 curveto
2 34.08 4.2 32.5 2.76 32.47 curveto
1.32 32.44 -1.01 32.39 -1.01 32.39 curveto stroke
newpath -1.31 30.03 moveto
-1.31 30.03 2.6 31.57 3 29.77 curveto
3.41 27.98 5.6 26.59 4.38 25.12 curveto
3.17 23.66 1.03 23.07 1.97 20.94 curveto
2.92 18.8 10.1 12.11 8.67 12.07 curveto
7.24 12.04 -4.07 11.62 -5.71 12.48 curveto
-7.34 13.34 -7.02 15.69 -10.25 15.44 curveto
-13.47 15.19 -15.6 13.89 -17.76 14.56 curveto
-19.93 15.23 -21.45 18.98 -23.96 18.92 curveto
-26.47 18.87 -30.78 19.32 -32.19 18.03 curveto
-33.59 16.74 -36.77 14.7 -39.09 14.28 curveto
-41.41 13.87 -42.28 12.95 -44.97 13.25 curveto
-47.67 13.55 -50.19 14.57 -51.42 13.47 curveto
-52.65 12.36 -51.69 9.87 -54.75 9.8 curveto
-57.8 9.73 -63.16 8.71 -64.93 7.78 curveto
-66.7 6.84 -68.69 7.15 -67.35 3.76 curveto
-66 0.37 -65.1 0.57 -63.28 -0.11 curveto
-61.46 -0.79 -58.04 -0.53 -60.14 -2.92 curveto
-62.25 -5.3 -62.25 -5.48 -61.27 -8.53 curveto
-60.3 -11.56 -63.9 -11.28 -64.94 -12.75 curveto
-65.98 -14.21 -69.4 -13.39 -68.63 -15.71 curveto
-67.85 -18.03 -67.03 -22.88 -64.47 -24.62 curveto
-61.9 -26.37 -60.08 -26.69 -59.12 -29.01 curveto
-58.17 -31.33 -56.63 -35.43 -55.84 -38.65 curveto
-55.04 -41.88 -49.5 -47.88 -48.03 -49.11 curveto
-46.55 -50.34 -47.45 -50.54 -47.77 -51.99 curveto
-48.1 -53.44 -46.62 -55.03 -48.23 -55.06 curveto
-49.84 -55.1 -53.45 -54.28 -54.87 -55.03 curveto
-56.29 -55.78 -57.14 -57.6 -59.1 -57.64 curveto
-61.07 -57.68 -62.31 -58.43 -63.41 -56.83 curveto
-64.51 -55.23 -66.31 -54.9 -67.01 -56.17 curveto stroke
newpath -66.41 -59.04 moveto
-66.41 -59.04 -66.09 -57.23 -65 -58.29 curveto
-63.9 -59.35 -63.88 -60.25 -61.2 -60.02 curveto
-58.52 -59.78 -56.37 -59.91 -54.97 -58.44 curveto
-53.57 -56.97 -54.46 -56.99 -50.88 -56.91 curveto
-47.3 -56.84 -44.03 -58.38 -44.78 -56.78 curveto
-45.54 -55.18 -45.9 -54.83 -45.94 -53.39 curveto
-45.97 -51.95 -44.92 -50.66 -45.5 -49.23 curveto
-46.07 -47.8 -49.97 -43.03 -53.11 -39.67 curveto
-56.25 -36.32 -56.87 -32.74 -56.92 -30.58 curveto
-56.97 -28.42 -57.74 -26.27 -59.58 -25.05 curveto
-61.42 -23.83 -65.85 -18.89 -65.53 -17.44 curveto
-65.21 -15.99 -63.09 -15.04 -62.05 -13.58 curveto
-61 -12.12 -57.84 -8.81 -58.77 -7.57 curveto
-59.7 -6.32 -59.52 -6.5 -58.48 -4.68 curveto
-57.45 -2.85 -54.8 -0.45 -57.52 0.21 curveto
-60.24 0.86 -64.96 2.38 -65.18 3.82 curveto
-65.41 5.25 -65.41 5.25 -63.09 5.84 curveto
-60.78 6.43 -59.72 7.36 -56.31 7.61 curveto
-52.91 7.87 -50.22 8.29 -50.25 9.55 curveto
-50.28 10.81 -50.3 11.53 -47.98 11.58 curveto
-45.65 11.63 -45.1 10.73 -42.41 10.8 curveto
-39.73 10.86 -39.95 12.47 -37.98 12.69 curveto
-36.01 12.92 -32.14 16.06 -30.17 16.1 curveto
-28.2 16.15 -27.87 17.23 -24.79 15.5 curveto
-21.7 13.76 -21.48 11.97 -18.25 12.03 curveto
-15.02 12.1 -11.13 14.89 -9.67 13.3 curveto
-8.2 11.71 -5.47 9.79 -2.24 9.86 curveto
1 9.93 6.23 8.97 7.83 9.54 curveto
9.43 10.12 13.35 11.46 11.34 13.04 curveto
9.32 14.61 3.06 20.6 5.04 20.64 curveto
7.01 20.69 9.5 21.46 9.83 22.73 curveto
10.16 24 8.83 27.02 10.3 25.44 curveto
11.77 23.85 13.04 22.62 13.04 22.62 curveto stroke
newpath 9.5 29.02 moveto
7.76 34.21 lineto stroke
newpath 6.61 37.25 moveto
6.61 37.25 5.67 39.03 6.55 39.59 curveto
7.43 40.15 7.59 40.86 9.78 38.93 curveto
11.97 37 14.16 35.96 14.38 33.81 curveto
14.6 31.65 13.58 28.75 15.4 27.89 curveto
17.21 27.03 25.71 23.98 26.97 23.82 curveto
28.23 23.67 33.59 23.09 33.93 25.77 curveto
34.24 28.12 32.45 27.72 33.14 28.82 curveto
33.83 29.92 33.42 31.53 32.51 32.04 curveto
31.6 32.56 29.94 33.78 31.01 33.81 curveto
32.09 33.83 35.77 36.97 37.05 36.11 curveto
38.32 35.25 40.47 34.95 42.07 35.35 curveto
43.67 35.75 47.41 36.75 48.65 37.14 curveto
49.9 37.54 50.17 40.24 52.85 40.5 curveto
55.53 40.76 61.68 44.32 62.56 42.78 curveto
63.49 41.17 66.79 42.39 67.66 43.18 curveto
68.46 43.91 68.94 45.82 68.2 47.4 curveto
67.44 49.01 67.38 50.62 66.27 51.68 curveto
65.16 52.73 61.98 56.42 63.96 56.3 curveto
65.93 56.17 67.98 53.7 69.38 54.64 curveto
70.78 55.58 70.93 56.49 72.54 56.54 curveto
74.12 56.58 77.11 55.59 77.58 54.89 curveto stroke
 0.00002 0.00018 0.00008 setrgbcolor
newpath 83.985 50.62 moveto
83.985 50.85207 83.89279 51.07462 83.72871 51.23871 curveto
83.56462 51.40279 83.34207 51.495 83.11 51.495 curveto
82.87793 51.495 82.65538 51.40279 82.49129 51.23871 curveto
82.32721 51.07462 82.235 50.85207 82.235 50.62 curveto
82.235 50.38792 82.32721 50.16537 82.49129 50.00128 curveto
82.65538 49.8372 82.87793 49.745 83.11 49.745 curveto
83.34207 49.745 83.56462 49.8372 83.72871 50.00128 curveto
83.89279 50.16537 83.985 50.38792 83.985 50.62 curveto closepath fill
 0.54 0.07 0.6 setrgbcolor 0 0.35 dtransform truncate idtransform setlinewidth pop
newpath 83.985 50.62 moveto
83.985 50.85207 83.89279 51.07462 83.72871 51.23871 curveto
83.56462 51.40279 83.34207 51.495 83.11 51.495 curveto
82.87793 51.495 82.65538 51.40279 82.49129 51.23871 curveto
82.32721 51.07462 82.235 50.85207 82.235 50.62 curveto
82.235 50.38792 82.32721 50.16537 82.49129 50.00128 curveto
82.65538 49.8372 82.87793 49.745 83.11 49.745 curveto
83.34207 49.745 83.56462 49.8372 83.72871 50.00128 curveto
83.89279 50.16537 83.985 50.38792 83.985 50.62 curveto closepath stroke
 0.00002 0.00018 0.00008 setrgbcolor
newpath 79.095 56.46 moveto
79.095 56.69208 79.00279 56.91463 78.83871 57.07872 curveto
78.67462 57.2428 78.45207 57.335 78.22 57.335 curveto
77.98793 57.335 77.76538 57.2428 77.60129 57.07872 curveto
77.43721 56.91463 77.345 56.69208 77.345 56.46 curveto
77.345 56.22794 77.43721 56.00539 77.60129 55.8413 curveto
77.76538 55.67722 77.98793 55.585 78.22 55.585 curveto
78.45207 55.585 78.67462 55.67722 78.83871 55.8413 curveto
79.00279 56.00539 79.095 56.22794 79.095 56.46 curveto closepath fill
 0.54 0.07 0.6 setrgbcolor
newpath 79.095 56.46 moveto
79.095 56.69208 79.00279 56.91463 78.83871 57.07872 curveto
78.67462 57.2428 78.45207 57.335 78.22 57.335 curveto
77.98793 57.335 77.76538 57.2428 77.60129 57.07872 curveto
77.43721 56.91463 77.345 56.69208 77.345 56.46 curveto
77.345 56.22794 77.43721 56.00539 77.60129 55.8413 curveto
77.76538 55.67722 77.98793 55.585 78.22 55.585 curveto
78.45207 55.585 78.67462 55.67722 78.83871 55.8413 curveto
79.00279 56.00539 79.095 56.22794 79.095 56.46 curveto closepath stroke
 0.00002 0.00018 0.00008 setrgbcolor
newpath 73.565 57.76 moveto
73.565 57.99207 73.4728 58.21461 73.30872 58.37871 curveto
73.14462 58.54279 72.92207 58.635 72.69 58.635 curveto
72.45793 58.635 72.23538 58.54279 72.07129 58.37871 curveto
71.90721 58.21461 71.815 57.99207 71.815 57.76 curveto
71.815 57.52792 71.90721 57.30537 72.07129 57.14128 curveto
72.23538 56.9772 72.45793 56.885 72.69 56.885 curveto
72.92207 56.885 73.14462 56.9772 73.30872 57.14128 curveto
73.4728 57.30537 73.565 57.52792 73.565 57.76 curveto closepath fill
 0.54 0.07 0.6 setrgbcolor
newpath 73.565 57.76 moveto
73.565 57.99207 73.4728 58.21461 73.30872 58.37871 curveto
73.14462 58.54279 72.92207 58.635 72.69 58.635 curveto
72.45793 58.635 72.23538 58.54279 72.07129 58.37871 curveto
71.90721 58.21461 71.815 57.99207 71.815 57.76 curveto
71.815 57.52792 71.90721 57.30537 72.07129 57.14128 curveto
72.23538 56.9772 72.45793 56.885 72.69 56.885 curveto
72.92207 56.885 73.14462 56.9772 73.30872 57.14128 curveto
73.4728 57.30537 73.565 57.52792 73.565 57.76 curveto closepath stroke
 0.00002 0.00018 0.00008 setrgbcolor
newpath 69.445 55.51 moveto
69.445 55.74207 69.3528 55.96461 69.18872 56.12871 curveto
69.02463 56.29279 68.80208 56.385 68.57 56.385 curveto
68.33794 56.385 68.11539 56.29279 67.9513 56.12871 curveto
67.78722 55.96461 67.695 55.74207 67.695 55.51 curveto
67.695 55.27792 67.78722 55.05537 67.9513 54.89128 curveto
68.11539 54.7272 68.33794 54.635 68.57 54.635 curveto
68.80208 54.635 69.02463 54.7272 69.18872 54.89128 curveto
69.3528 55.05537 69.445 55.27792 69.445 55.51 curveto closepath fill
 0.54 0.07 0.6 setrgbcolor
newpath 69.445 55.51 moveto
69.445 55.74207 69.3528 55.96461 69.18872 56.12871 curveto
69.02463 56.29279 68.80208 56.385 68.57 56.385 curveto
68.33794 56.385 68.11539 56.29279 67.9513 56.12871 curveto
67.78722 55.96461 67.695 55.74207 67.695 55.51 curveto
67.695 55.27792 67.78722 55.05537 67.9513 54.89128 curveto
68.11539 54.7272 68.33794 54.635 68.57 54.635 curveto
68.80208 54.635 69.02463 54.7272 69.18872 54.89128 curveto
69.3528 55.05537 69.445 55.27792 69.445 55.51 curveto closepath stroke
 0.00002 0.00018 0.00008 setrgbcolor
newpath 63.075 57.5 moveto
63.075 57.73207 62.98279 57.95462 62.81871 58.11871 curveto
62.65462 58.28279 62.43207 58.375 62.2 58.375 curveto
61.96793 58.375 61.74538 58.28279 61.58128 58.11871 curveto
61.4172 57.95462 61.325 57.73207 61.325 57.5 curveto
61.325 57.26793 61.4172 57.04538 61.58128 56.88129 curveto
61.74538 56.71721 61.96793 56.625 62.2 56.625 curveto
62.43207 56.625 62.65462 56.71721 62.81871 56.88129 curveto
62.98279 57.04538 63.075 57.26793 63.075 57.5 curveto closepath fill
 0.54 0.07 0.6 setrgbcolor
newpath 63.075 57.5 moveto
63.075 57.73207 62.98279 57.95462 62.81871 58.11871 curveto
62.65462 58.28279 62.43207 58.375 62.2 58.375 curveto
61.96793 58.375 61.74538 58.28279 61.58128 58.11871 curveto
61.4172 57.95462 61.325 57.73207 61.325 57.5 curveto
61.325 57.26793 61.4172 57.04538 61.58128 56.88129 curveto
61.74538 56.71721 61.96793 56.625 62.2 56.625 curveto
62.43207 56.625 62.65462 56.71721 62.81871 56.88129 curveto
62.98279 57.04538 63.075 57.26793 63.075 57.5 curveto closepath stroke
 0.00002 0.00018 0.00008 setrgbcolor
newpath 65.215 53.25 moveto
65.215 53.48207 65.12279 53.70462 64.95871 53.86871 curveto
64.79462 54.03279 64.57207 54.125 64.34 54.125 curveto
64.10793 54.125 63.88538 54.03279 63.72128 53.86871 curveto
63.5572 53.70462 63.465 53.48207 63.465 53.25 curveto
63.465 53.01793 63.5572 52.79538 63.72128 52.63129 curveto
63.88538 52.46721 64.10793 52.375 64.34 52.375 curveto
64.57207 52.375 64.79462 52.46721 64.95871 52.63129 curveto
65.12279 52.79538 65.215 53.01793 65.215 53.25 curveto closepath fill
 0.54 0.07 0.6 setrgbcolor
newpath 65.215 53.25 moveto
65.215 53.48207 65.12279 53.70462 64.95871 53.86871 curveto
64.79462 54.03279 64.57207 54.125 64.34 54.125 curveto
64.10793 54.125 63.88538 54.03279 63.72128 53.86871 curveto
63.5572 53.70462 63.465 53.48207 63.465 53.25 curveto
63.465 53.01793 63.5572 52.79538 63.72128 52.63129 curveto
63.88538 52.46721 64.10793 52.375 64.34 52.375 curveto
64.57207 52.375 64.79462 52.46721 64.95871 52.63129 curveto
65.12279 52.79538 65.215 53.01793 65.215 53.25 curveto closepath stroke
 0.00002 0.00018 0.00008 setrgbcolor
newpath 67.545 48.38 moveto
67.545 48.61208 67.45279 48.83463 67.28871 48.99872 curveto
67.12462 49.1628 66.90207 49.255 66.67 49.255 curveto
66.43793 49.255 66.21538 49.1628 66.05128 48.99872 curveto
65.8872 48.83463 65.795 48.61208 65.795 48.38 curveto
65.795 48.14793 65.8872 47.92538 66.05128 47.76129 curveto
66.21538 47.59721 66.43793 47.505 66.67 47.505 curveto
66.90207 47.505 67.12462 47.59721 67.28871 47.76129 curveto
67.45279 47.92538 67.545 48.14793 67.545 48.38 curveto closepath fill
 0.54 0.07 0.6 setrgbcolor
newpath 67.545 48.38 moveto
67.545 48.61208 67.45279 48.83463 67.28871 48.99872 curveto
67.12462 49.1628 66.90207 49.255 66.67 49.255 curveto
66.43793 49.255 66.21538 49.1628 66.05128 48.99872 curveto
65.8872 48.83463 65.795 48.61208 65.795 48.38 curveto
65.795 48.14793 65.8872 47.92538 66.05128 47.76129 curveto
66.21538 47.59721 66.43793 47.505 66.67 47.505 curveto
66.90207 47.505 67.12462 47.59721 67.28871 47.76129 curveto
67.45279 47.92538 67.545 48.14793 67.545 48.38 curveto closepath stroke
 0.00002 0.00018 0.00008 setrgbcolor
newpath 69.175 45.66 moveto
69.175 45.89207 69.0828 46.11462 68.91872 46.27872 curveto
68.75462 46.4428 68.53207 46.535 68.3 46.535 curveto
68.06793 46.535 67.84538 46.4428 67.68129 46.27872 curveto
67.51721 46.11462 67.425 45.89207 67.425 45.66 curveto
67.425 45.42793 67.51721 45.20538 67.68129 45.04129 curveto
67.84538 44.87721 68.06793 44.785 68.3 44.785 curveto
68.53207 44.785 68.75462 44.87721 68.91872 45.04129 curveto
69.0828 45.20538 69.175 45.42793 69.175 45.66 curveto closepath fill
 0.54 0.07 0.6 setrgbcolor
newpath 69.175 45.66 moveto
69.175 45.89207 69.0828 46.11462 68.91872 46.27872 curveto
68.75462 46.4428 68.53207 46.535 68.3 46.535 curveto
68.06793 46.535 67.84538 46.4428 67.68129 46.27872 curveto
67.51721 46.11462 67.425 45.89207 67.425 45.66 curveto
67.425 45.42793 67.51721 45.20538 67.68129 45.04129 curveto
67.84538 44.87721 68.06793 44.785 68.3 44.785 curveto
68.53207 44.785 68.75462 44.87721 68.91872 45.04129 curveto
69.0828 45.20538 69.175 45.42793 69.175 45.66 curveto closepath stroke
 0.00002 0.00018 0.00008 setrgbcolor
newpath 67.785 44.21 moveto
67.785 44.44208 67.6928 44.66463 67.52872 44.82872 curveto
67.36462 44.9928 67.14207 45.085 66.91 45.085 curveto
66.67793 45.085 66.45538 44.9928 66.29129 44.82872 curveto
66.12721 44.66463 66.035 44.44208 66.035 44.21 curveto
66.035 43.97794 66.12721 43.75539 66.29129 43.5913 curveto
66.45538 43.42722 66.67793 43.335 66.91 43.335 curveto
67.14207 43.335 67.36462 43.42722 67.52872 43.5913 curveto
67.6928 43.75539 67.785 43.97794 67.785 44.21 curveto closepath fill
 0.54 0.07 0.6 setrgbcolor
newpath 67.785 44.21 moveto
67.785 44.44208 67.6928 44.66463 67.52872 44.82872 curveto
67.36462 44.9928 67.14207 45.085 66.91 45.085 curveto
66.67793 45.085 66.45538 44.9928 66.29129 44.82872 curveto
66.12721 44.66463 66.035 44.44208 66.035 44.21 curveto
66.035 43.97794 66.12721 43.75539 66.29129 43.5913 curveto
66.45538 43.42722 66.67793 43.335 66.91 43.335 curveto
67.14207 43.335 67.36462 43.42722 67.52872 43.5913 curveto
67.6928 43.75539 67.785 43.97794 67.785 44.21 curveto closepath stroke
 0.00002 0.00018 0.00008 setrgbcolor
newpath 64.835 43.15 moveto
64.835 43.38206 64.7428 43.60461 64.57872 43.7687 curveto
64.41463 43.93279 64.19208 44.025 63.96 44.025 curveto
63.72794 44.025 63.50539 43.93279 63.3413 43.7687 curveto
63.17722 43.60461 63.085 43.38206 63.085 43.15 curveto
63.085 42.91792 63.17722 42.69537 63.3413 42.53128 curveto
63.50539 42.3672 63.72794 42.275 63.96 42.275 curveto
64.19208 42.275 64.41463 42.3672 64.57872 42.53128 curveto
64.7428 42.69537 64.835 42.91792 64.835 43.15 curveto closepath fill
 0.54 0.07 0.6 setrgbcolor
newpath 64.835 43.15 moveto
64.835 43.38206 64.7428 43.60461 64.57872 43.7687 curveto
64.41463 43.93279 64.19208 44.025 63.96 44.025 curveto
63.72794 44.025 63.50539 43.93279 63.3413 43.7687 curveto
63.17722 43.60461 63.085 43.38206 63.085 43.15 curveto
63.085 42.91792 63.17722 42.69537 63.3413 42.53128 curveto
63.50539 42.3672 63.72794 42.275 63.96 42.275 curveto
64.19208 42.275 64.41463 42.3672 64.57872 42.53128 curveto
64.7428 42.69537 64.835 42.91792 64.835 43.15 curveto closepath stroke
 0.00002 0.00018 0.00008 setrgbcolor
newpath 63.045 44.13 moveto
63.045 44.36208 62.95279 44.58463 62.78871 44.74872 curveto
62.62462 44.9128 62.40207 45.005 62.17 45.005 curveto
61.93793 45.005 61.71538 44.9128 61.55128 44.74872 curveto
61.3872 44.58463 61.295 44.36208 61.295 44.13 curveto
61.295 43.89793 61.3872 43.67538 61.55128 43.51129 curveto
61.71538 43.34721 61.93793 43.255 62.17 43.255 curveto
62.40207 43.255 62.62462 43.34721 62.78871 43.51129 curveto
62.95279 43.67538 63.045 43.89793 63.045 44.13 curveto closepath fill
 0.54 0.07 0.6 setrgbcolor
newpath 63.045 44.13 moveto
63.045 44.36208 62.95279 44.58463 62.78871 44.74872 curveto
62.62462 44.9128 62.40207 45.005 62.17 45.005 curveto
61.93793 45.005 61.71538 44.9128 61.55128 44.74872 curveto
61.3872 44.58463 61.295 44.36208 61.295 44.13 curveto
61.295 43.89793 61.3872 43.67538 61.55128 43.51129 curveto
61.71538 43.34721 61.93793 43.255 62.17 43.255 curveto
62.40207 43.255 62.62462 43.34721 62.78871 43.51129 curveto
62.95279 43.67538 63.045 43.89793 63.045 44.13 curveto closepath stroke
 0.00002 0.00018 0.00008 setrgbcolor
newpath 60.645 43.01 moveto
60.645 43.24207 60.5528 43.46461 60.38872 43.62871 curveto
60.22462 43.79279 60.00208 43.885 59.77 43.885 curveto
59.53793 43.885 59.31538 43.79279 59.15129 43.62871 curveto
58.98721 43.46461 58.895 43.24207 58.895 43.01 curveto
58.895 42.77792 58.98721 42.55537 59.15129 42.39128 curveto
59.31538 42.2272 59.53793 42.135 59.77 42.135 curveto
60.00208 42.135 60.22462 42.2272 60.38872 42.39128 curveto
60.5528 42.55537 60.645 42.77792 60.645 43.01 curveto closepath fill
 0.54 0.07 0.6 setrgbcolor
newpath 60.645 43.01 moveto
60.645 43.24207 60.5528 43.46461 60.38872 43.62871 curveto
60.22462 43.79279 60.00208 43.885 59.77 43.885 curveto
59.53793 43.885 59.31538 43.79279 59.15129 43.62871 curveto
58.98721 43.46461 58.895 43.24207 58.895 43.01 curveto
58.895 42.77792 58.98721 42.55537 59.15129 42.39128 curveto
59.31538 42.2272 59.53793 42.135 59.77 42.135 curveto
60.00208 42.135 60.22462 42.2272 60.38872 42.39128 curveto
60.5528 42.55537 60.645 42.77792 60.645 43.01 curveto closepath stroke
 0.00002 0.00018 0.00008 setrgbcolor
newpath 55.845 41.87 moveto
55.845 42.10207 55.75279 42.32462 55.58871 42.48871 curveto
55.42462 42.65279 55.20207 42.745 54.97 42.745 curveto
54.73793 42.745 54.51538 42.65279 54.35129 42.48871 curveto
54.18721 42.32462 54.095 42.10207 54.095 41.87 curveto
54.095 41.63792 54.18721 41.41537 54.35129 41.25128 curveto
54.51538 41.0872 54.73793 40.995 54.97 40.995 curveto
55.20207 40.995 55.42462 41.0872 55.58871 41.25128 curveto
55.75279 41.41537 55.845 41.63792 55.845 41.87 curveto closepath fill
 0.54 0.07 0.6 setrgbcolor
newpath 55.845 41.87 moveto
55.845 42.10207 55.75279 42.32462 55.58871 42.48871 curveto
55.42462 42.65279 55.20207 42.745 54.97 42.745 curveto
54.73793 42.745 54.51538 42.65279 54.35129 42.48871 curveto
54.18721 42.32462 54.095 42.10207 54.095 41.87 curveto
54.095 41.63792 54.18721 41.41537 54.35129 41.25128 curveto
54.51538 41.0872 54.73793 40.995 54.97 40.995 curveto
55.20207 40.995 55.42462 41.0872 55.58871 41.25128 curveto
55.75279 41.41537 55.845 41.63792 55.845 41.87 curveto closepath stroke
 0.00002 0.00018 0.00008 setrgbcolor
newpath 51.765 40.43 moveto
51.765 40.66206 51.67279 40.88461 51.50871 41.0487 curveto
51.34462 41.21278 51.12207 41.305 50.89 41.305 curveto
50.65793 41.305 50.43538 41.21278 50.27129 41.0487 curveto
50.10721 40.88461 50.015 40.66206 50.015 40.43 curveto
50.015 40.19792 50.10721 39.97537 50.27129 39.81128 curveto
50.43538 39.6472 50.65793 39.555 50.89 39.555 curveto
51.12207 39.555 51.34462 39.6472 51.50871 39.81128 curveto
51.67279 39.97537 51.765 40.19792 51.765 40.43 curveto closepath fill
 0.54 0.07 0.6 setrgbcolor
newpath 51.765 40.43 moveto
51.765 40.66206 51.67279 40.88461 51.50871 41.0487 curveto
51.34462 41.21278 51.12207 41.305 50.89 41.305 curveto
50.65793 41.305 50.43538 41.21278 50.27129 41.0487 curveto
50.10721 40.88461 50.015 40.66206 50.015 40.43 curveto
50.015 40.19792 50.10721 39.97537 50.27129 39.81128 curveto
50.43538 39.6472 50.65793 39.555 50.89 39.555 curveto
51.12207 39.555 51.34462 39.6472 51.50871 39.81128 curveto
51.67279 39.97537 51.765 40.19792 51.765 40.43 curveto closepath stroke
 0.00002 0.00018 0.00008 setrgbcolor
newpath 49.245 38.1 moveto
49.245 38.33208 49.15279 38.55463 48.98871 38.71872 curveto
48.82462 38.8828 48.60207 38.975 48.37 38.975 curveto
48.13792 38.975 47.91537 38.8828 47.75128 38.71872 curveto
47.5872 38.55463 47.495 38.33208 47.495 38.1 curveto
47.495 37.86794 47.5872 37.64539 47.75128 37.4813 curveto
47.91537 37.31721 48.13792 37.225 48.37 37.225 curveto
48.60207 37.225 48.82462 37.31721 48.98871 37.4813 curveto
49.15279 37.64539 49.245 37.86794 49.245 38.1 curveto closepath fill
 0.54 0.07 0.6 setrgbcolor
newpath 49.245 38.1 moveto
49.245 38.33208 49.15279 38.55463 48.98871 38.71872 curveto
48.82462 38.8828 48.60207 38.975 48.37 38.975 curveto
48.13792 38.975 47.91537 38.8828 47.75128 38.71872 curveto
47.5872 38.55463 47.495 38.33208 47.495 38.1 curveto
47.495 37.86794 47.5872 37.64539 47.75128 37.4813 curveto
47.91537 37.31721 48.13792 37.225 48.37 37.225 curveto
48.60207 37.225 48.82462 37.31721 48.98871 37.4813 curveto
49.15279 37.64539 49.245 37.86794 49.245 38.1 curveto closepath stroke
 0.00002 0.00018 0.00008 setrgbcolor
newpath 44.245 36.43 moveto
44.245 36.66206 44.15279 36.88461 43.98871 37.0487 curveto
43.82462 37.21278 43.60207 37.305 43.37 37.305 curveto
43.13792 37.305 42.91537 37.21278 42.75128 37.0487 curveto
42.5872 36.88461 42.495 36.66206 42.495 36.43 curveto
42.495 36.19792 42.5872 35.97537 42.75128 35.81128 curveto
42.91537 35.6472 43.13792 35.555 43.37 35.555 curveto
43.60207 35.555 43.82462 35.6472 43.98871 35.81128 curveto
44.15279 35.97537 44.245 36.19792 44.245 36.43 curveto closepath fill
 0.54 0.07 0.6 setrgbcolor
newpath 44.245 36.43 moveto
44.245 36.66206 44.15279 36.88461 43.98871 37.0487 curveto
43.82462 37.21278 43.60207 37.305 43.37 37.305 curveto
43.13792 37.305 42.91537 37.21278 42.75128 37.0487 curveto
42.5872 36.88461 42.495 36.66206 42.495 36.43 curveto
42.495 36.19792 42.5872 35.97537 42.75128 35.81128 curveto
42.91537 35.6472 43.13792 35.555 43.37 35.555 curveto
43.60207 35.555 43.82462 35.6472 43.98871 35.81128 curveto
44.15279 35.97537 44.245 36.19792 44.245 36.43 curveto closepath stroke
 0.00002 0.00018 0.00008 setrgbcolor
newpath 40.965 36.26 moveto
40.965 36.49207 40.87279 36.71461 40.70871 36.87871 curveto
40.54462 37.04279 40.32207 37.135 40.09 37.135 curveto
39.85793 37.135 39.63538 37.04279 39.47128 36.87871 curveto
39.3072 36.71461 39.215 36.49207 39.215 36.26 curveto
39.215 36.02792 39.3072 35.80537 39.47128 35.64128 curveto
39.63538 35.4772 39.85793 35.385 40.09 35.385 curveto
40.32207 35.385 40.54462 35.4772 40.70871 35.64128 curveto
40.87279 35.80537 40.965 36.02792 40.965 36.26 curveto closepath fill
 0.54 0.07 0.6 setrgbcolor
newpath 40.965 36.26 moveto
40.965 36.49207 40.87279 36.71461 40.70871 36.87871 curveto
40.54462 37.04279 40.32207 37.135 40.09 37.135 curveto
39.85793 37.135 39.63538 37.04279 39.47128 36.87871 curveto
39.3072 36.71461 39.215 36.49207 39.215 36.26 curveto
39.215 36.02792 39.3072 35.80537 39.47128 35.64128 curveto
39.63538 35.4772 39.85793 35.385 40.09 35.385 curveto
40.32207 35.385 40.54462 35.4772 40.70871 35.64128 curveto
40.87279 35.80537 40.965 36.02792 40.965 36.26 curveto closepath stroke
 0.00002 0.00018 0.00008 setrgbcolor
newpath 37.375 37.26 moveto
37.375 37.49207 37.28279 37.71461 37.11871 37.87871 curveto
36.95462 38.04279 36.73207 38.135 36.5 38.135 curveto
36.26793 38.135 36.04538 38.04279 35.88129 37.87871 curveto
35.71721 37.71461 35.625 37.49207 35.625 37.26 curveto
35.625 37.02792 35.71721 36.80537 35.88129 36.64128 curveto
36.04538 36.4772 36.26793 36.385 36.5 36.385 curveto
36.73207 36.385 36.95462 36.4772 37.11871 36.64128 curveto
37.28279 36.80537 37.375 37.02792 37.375 37.26 curveto closepath fill
 0.54 0.07 0.6 setrgbcolor
newpath 37.375 37.26 moveto
37.375 37.49207 37.28279 37.71461 37.11871 37.87871 curveto
36.95462 38.04279 36.73207 38.135 36.5 38.135 curveto
36.26793 38.135 36.04538 38.04279 35.88129 37.87871 curveto
35.71721 37.71461 35.625 37.49207 35.625 37.26 curveto
35.625 37.02792 35.71721 36.80537 35.88129 36.64128 curveto
36.04538 36.4772 36.26793 36.385 36.5 36.385 curveto
36.73207 36.385 36.95462 36.4772 37.11871 36.64128 curveto
37.28279 36.80537 37.375 37.02792 37.375 37.26 curveto closepath stroke
 0.00002 0.00018 0.00008 setrgbcolor
newpath 34.785 35.84 moveto
34.785 36.07207 34.6928 36.29462 34.52872 36.45871 curveto
34.36462 36.62279 34.14207 36.715 33.91 36.715 curveto
33.67793 36.715 33.45538 36.62279 33.29129 36.45871 curveto
33.12721 36.29462 33.035 36.07207 33.035 35.84 curveto
33.035 35.60793 33.12721 35.38538 33.29129 35.22128 curveto
33.45538 35.0572 33.67793 34.965 33.91 34.965 curveto
34.14207 34.965 34.36462 35.0572 34.52872 35.22128 curveto
34.6928 35.38538 34.785 35.60793 34.785 35.84 curveto closepath fill
 0.54 0.07 0.6 setrgbcolor
newpath 34.785 35.84 moveto
34.785 36.07207 34.6928 36.29462 34.52872 36.45871 curveto
34.36462 36.62279 34.14207 36.715 33.91 36.715 curveto
33.67793 36.715 33.45538 36.62279 33.29129 36.45871 curveto
33.12721 36.29462 33.035 36.07207 33.035 35.84 curveto
33.035 35.60793 33.12721 35.38538 33.29129 35.22128 curveto
33.45538 35.0572 33.67793 34.965 33.91 34.965 curveto
34.14207 34.965 34.36462 35.0572 34.52872 35.22128 curveto
34.6928 35.38538 34.785 35.60793 34.785 35.84 curveto closepath stroke
 0.00002 0.00018 0.00008 setrgbcolor
newpath 30.075 33.43 moveto
30.075 33.66206 29.98279 33.88461 29.81871 34.0487 curveto
29.65462 34.21278 29.43207 34.305 29.2 34.305 curveto
28.96793 34.305 28.74538 34.21278 28.58128 34.0487 curveto
28.4172 33.88461 28.325 33.66206 28.325 33.43 curveto
28.325 33.19792 28.4172 32.97537 28.58128 32.81128 curveto
28.74538 32.6472 28.96793 32.555 29.2 32.555 curveto
29.43207 32.555 29.65462 32.6472 29.81871 32.81128 curveto
29.98279 32.97537 30.075 33.19792 30.075 33.43 curveto closepath fill
 0.54 0.07 0.6 setrgbcolor
newpath 30.075 33.43 moveto
30.075 33.66206 29.98279 33.88461 29.81871 34.0487 curveto
29.65462 34.21278 29.43207 34.305 29.2 34.305 curveto
28.96793 34.305 28.74538 34.21278 28.58128 34.0487 curveto
28.4172 33.88461 28.325 33.66206 28.325 33.43 curveto
28.325 33.19792 28.4172 32.97537 28.58128 32.81128 curveto
28.74538 32.6472 28.96793 32.555 29.2 32.555 curveto
29.43207 32.555 29.65462 32.6472 29.81871 32.81128 curveto
29.98279 32.97537 30.075 33.19792 30.075 33.43 curveto closepath stroke
 0.00002 0.00018 0.00008 setrgbcolor
newpath 32.985 30.57 moveto
32.985 30.80208 32.89279 31.02463 32.72871 31.18872 curveto
32.56462 31.3528 32.34207 31.445 32.11 31.445 curveto
31.87793 31.445 31.65538 31.3528 31.49129 31.18872 curveto
31.32721 31.02463 31.235 30.80208 31.235 30.57 curveto
31.235 30.33794 31.32721 30.11539 31.49129 29.9513 curveto
31.65538 29.78722 31.87793 29.695 32.11 29.695 curveto
32.34207 29.695 32.56462 29.78722 32.72871 29.9513 curveto
32.89279 30.11539 32.985 30.33794 32.985 30.57 curveto closepath fill
 0.54 0.07 0.6 setrgbcolor
newpath 32.985 30.57 moveto
32.985 30.80208 32.89279 31.02463 32.72871 31.18872 curveto
32.56462 31.3528 32.34207 31.445 32.11 31.445 curveto
31.87793 31.445 31.65538 31.3528 31.49129 31.18872 curveto
31.32721 31.02463 31.235 30.80208 31.235 30.57 curveto
31.235 30.33794 31.32721 30.11539 31.49129 29.9513 curveto
31.65538 29.78722 31.87793 29.695 32.11 29.695 curveto
32.34207 29.695 32.56462 29.78722 32.72871 29.9513 curveto
32.89279 30.11539 32.985 30.33794 32.985 30.57 curveto closepath stroke
 0.00002 0.00018 0.00008 setrgbcolor
newpath 32.075 29.03 moveto
32.075 29.26207 31.98279 29.48462 31.81871 29.64871 curveto
31.65462 29.81279 31.43207 29.905 31.2 29.905 curveto
30.96793 29.905 30.74538 29.81279 30.58128 29.64871 curveto
30.4172 29.48462 30.325 29.26207 30.325 29.03 curveto
30.325 28.79793 30.4172 28.57538 30.58128 28.41129 curveto
30.74538 28.24721 30.96793 28.155 31.2 28.155 curveto
31.43207 28.155 31.65462 28.24721 31.81871 28.41129 curveto
31.98279 28.57538 32.075 28.79793 32.075 29.03 curveto closepath fill
 0.54 0.07 0.6 setrgbcolor
newpath 32.075 29.03 moveto
32.075 29.26207 31.98279 29.48462 31.81871 29.64871 curveto
31.65462 29.81279 31.43207 29.905 31.2 29.905 curveto
30.96793 29.905 30.74538 29.81279 30.58128 29.64871 curveto
30.4172 29.48462 30.325 29.26207 30.325 29.03 curveto
30.325 28.79793 30.4172 28.57538 30.58128 28.41129 curveto
30.74538 28.24721 30.96793 28.155 31.2 28.155 curveto
31.43207 28.155 31.65462 28.24721 31.81871 28.41129 curveto
31.98279 28.57538 32.075 28.79793 32.075 29.03 curveto closepath stroke
 0.00002 0.00018 0.00008 setrgbcolor
newpath 33.265 25.81 moveto
33.265 26.04207 33.17279 26.26462 33.00871 26.42871 curveto
32.84462 26.59279 32.62207 26.685 32.39 26.685 curveto
32.15793 26.685 31.93538 26.59279 31.77129 26.42871 curveto
31.60721 26.26462 31.515 26.04207 31.515 25.81 curveto
31.515 25.57793 31.60721 25.35538 31.77129 25.19128 curveto
31.93538 25.0272 32.15793 24.935 32.39 24.935 curveto
32.62207 24.935 32.84462 25.0272 33.00871 25.19128 curveto
33.17279 25.35538 33.265 25.57793 33.265 25.81 curveto closepath fill
 0.54 0.07 0.6 setrgbcolor
newpath 33.265 25.81 moveto
33.265 26.04207 33.17279 26.26462 33.00871 26.42871 curveto
32.84462 26.59279 32.62207 26.685 32.39 26.685 curveto
32.15793 26.685 31.93538 26.59279 31.77129 26.42871 curveto
31.60721 26.26462 31.515 26.04207 31.515 25.81 curveto
31.515 25.57793 31.60721 25.35538 31.77129 25.19128 curveto
31.93538 25.0272 32.15793 24.935 32.39 24.935 curveto
32.62207 24.935 32.84462 25.0272 33.00871 25.19128 curveto
33.17279 25.35538 33.265 25.57793 33.265 25.81 curveto closepath stroke
 0.00002 0.00018 0.00008 setrgbcolor
newpath 25.785 25.2 moveto
25.785 25.43207 25.6928 25.65462 25.52872 25.81871 curveto
25.36462 25.98279 25.14207 26.075 24.91 26.075 curveto
24.67793 26.075 24.45538 25.98279 24.29129 25.81871 curveto
24.12721 25.65462 24.035 25.43207 24.035 25.2 curveto
24.035 24.96793 24.12721 24.74538 24.29129 24.58128 curveto
24.45538 24.4172 24.67793 24.325 24.91 24.325 curveto
25.14207 24.325 25.36462 24.4172 25.52872 24.58128 curveto
25.6928 24.74538 25.785 24.96793 25.785 25.2 curveto closepath fill
 0.54 0.07 0.6 setrgbcolor
newpath 25.785 25.2 moveto
25.785 25.43207 25.6928 25.65462 25.52872 25.81871 curveto
25.36462 25.98279 25.14207 26.075 24.91 26.075 curveto
24.67793 26.075 24.45538 25.98279 24.29129 25.81871 curveto
24.12721 25.65462 24.035 25.43207 24.035 25.2 curveto
24.035 24.96793 24.12721 24.74538 24.29129 24.58128 curveto
24.45538 24.4172 24.67793 24.325 24.91 24.325 curveto
25.14207 24.325 25.36462 24.4172 25.52872 24.58128 curveto
25.6928 24.74538 25.785 24.96793 25.785 25.2 curveto closepath stroke
 0.00002 0.00018 0.00008 setrgbcolor
newpath 17.475 28.34 moveto
17.475 28.57207 17.3828 28.79462 17.21872 28.95871 curveto
17.05463 29.12279 16.83208 29.215 16.6 29.215 curveto
16.36794 29.215 16.14539 29.12279 15.9813 28.95871 curveto
15.81721 28.79462 15.725 28.57207 15.725 28.34 curveto
15.725 28.10793 15.81721 27.88538 15.9813 27.72128 curveto
16.14539 27.5572 16.36794 27.465 16.6 27.465 curveto
16.83208 27.465 17.05463 27.5572 17.21872 27.72128 curveto
17.3828 27.88538 17.475 28.10793 17.475 28.34 curveto closepath fill
 0.54 0.07 0.6 setrgbcolor
newpath 17.475 28.34 moveto
17.475 28.57207 17.3828 28.79462 17.21872 28.95871 curveto
17.05463 29.12279 16.83208 29.215 16.6 29.215 curveto
16.36794 29.215 16.14539 29.12279 15.9813 28.95871 curveto
15.81721 28.79462 15.725 28.57207 15.725 28.34 curveto
15.725 28.10793 15.81721 27.88538 15.9813 27.72128 curveto
16.14539 27.5572 16.36794 27.465 16.6 27.465 curveto
16.83208 27.465 17.05463 27.5572 17.21872 27.72128 curveto
17.3828 27.88538 17.475 28.10793 17.475 28.34 curveto closepath stroke
 0.00002 0.00018 0.00008 setrgbcolor
newpath 15.495 36.76 moveto
15.495 36.99207 15.40279 37.21461 15.23871 37.37871 curveto
15.07462 37.54279 14.85207 37.635 14.62 37.635 curveto
14.38792 37.635 14.16537 37.54279 14.00128 37.37871 curveto
13.8372 37.21461 13.745 36.99207 13.745 36.76 curveto
13.745 36.52792 13.8372 36.30537 14.00128 36.14128 curveto
14.16537 35.9772 14.38792 35.885 14.62 35.885 curveto
14.85207 35.885 15.07462 35.9772 15.23871 36.14128 curveto
15.40279 36.30537 15.495 36.52792 15.495 36.76 curveto closepath fill
 0.54 0.07 0.6 setrgbcolor
newpath 15.495 36.76 moveto
15.495 36.99207 15.40279 37.21461 15.23871 37.37871 curveto
15.07462 37.54279 14.85207 37.635 14.62 37.635 curveto
14.38792 37.635 14.16537 37.54279 14.00128 37.37871 curveto
13.8372 37.21461 13.745 36.99207 13.745 36.76 curveto
13.745 36.52792 13.8372 36.30537 14.00128 36.14128 curveto
14.16537 35.9772 14.38792 35.885 14.62 35.885 curveto
14.85207 35.885 15.07462 35.9772 15.23871 36.14128 curveto
15.40279 36.30537 15.495 36.52792 15.495 36.76 curveto closepath stroke
 0.00002 0.00018 0.00008 setrgbcolor
newpath 8.895 44.3 moveto
8.895 44.53207 8.8028 44.75462 8.63872 44.91872 curveto
8.47462 45.0828 8.25208 45.175 8.02 45.175 curveto
7.78793 45.175 7.56538 45.0828 7.40129 44.91872 curveto
7.23721 44.75462 7.145 44.53207 7.145 44.3 curveto
7.145 44.06793 7.23721 43.84538 7.40129 43.68129 curveto
7.56538 43.51721 7.78793 43.425 8.02 43.425 curveto
8.25208 43.425 8.47462 43.51721 8.63872 43.68129 curveto
8.8028 43.84538 8.895 44.06793 8.895 44.3 curveto closepath fill
 0.54 0.07 0.6 setrgbcolor
newpath 8.895 44.3 moveto
8.895 44.53207 8.8028 44.75462 8.63872 44.91872 curveto
8.47462 45.0828 8.25208 45.175 8.02 45.175 curveto
7.78793 45.175 7.56538 45.0828 7.40129 44.91872 curveto
7.23721 44.75462 7.145 44.53207 7.145 44.3 curveto
7.145 44.06793 7.23721 43.84538 7.40129 43.68129 curveto
7.56538 43.51721 7.78793 43.425 8.02 43.425 curveto
8.25208 43.425 8.47462 43.51721 8.63872 43.68129 curveto
8.8028 43.84538 8.895 44.06793 8.895 44.3 curveto closepath stroke
 0.00002 0.00018 0.00008 setrgbcolor
newpath 4.695 39.76 moveto
4.695 39.99207 4.6028 40.21461 4.43872 40.37871 curveto
4.27463 40.54279 4.05208 40.635 3.82 40.635 curveto
3.58794 40.635 3.36539 40.54279 3.2013 40.37871 curveto
3.03722 40.21461 2.945 39.99207 2.945 39.76 curveto
2.945 39.52792 3.03722 39.30537 3.2013 39.14128 curveto
3.36539 38.9772 3.58794 38.885 3.82 38.885 curveto
4.05208 38.885 4.27463 38.9772 4.43872 39.14128 curveto
4.6028 39.30537 4.695 39.52792 4.695 39.76 curveto closepath fill
 0.54 0.07 0.6 setrgbcolor
newpath 4.695 39.76 moveto
4.695 39.99207 4.6028 40.21461 4.43872 40.37871 curveto
4.27463 40.54279 4.05208 40.635 3.82 40.635 curveto
3.58794 40.635 3.36539 40.54279 3.2013 40.37871 curveto
3.03722 40.21461 2.945 39.99207 2.945 39.76 curveto
2.945 39.52792 3.03722 39.30537 3.2013 39.14128 curveto
3.36539 38.9772 3.58794 38.885 3.82 38.885 curveto
4.05208 38.885 4.27463 38.9772 4.43872 39.14128 curveto
4.6028 39.30537 4.695 39.52792 4.695 39.76 curveto closepath stroke
 0.00002 0.00018 0.00008 setrgbcolor
newpath 8.645 24.03 moveto
8.645 24.26207 8.5528 24.48462 8.38872 24.64871 curveto
8.22462 24.81279 8.00208 24.905 7.77 24.905 curveto
7.53793 24.905 7.31538 24.81279 7.15129 24.64871 curveto
6.98721 24.48462 6.895 24.26207 6.895 24.03 curveto
6.895 23.79793 6.98721 23.57538 7.15129 23.41129 curveto
7.31538 23.24721 7.53793 23.155 7.77 23.155 curveto
8.00208 23.155 8.22462 23.24721 8.38872 23.41129 curveto
8.5528 23.57538 8.645 23.79793 8.645 24.03 curveto closepath fill
 0.54 0.07 0.6 setrgbcolor
newpath 8.645 24.03 moveto
8.645 24.26207 8.5528 24.48462 8.38872 24.64871 curveto
8.22462 24.81279 8.00208 24.905 7.77 24.905 curveto
7.53793 24.905 7.31538 24.81279 7.15129 24.64871 curveto
6.98721 24.48462 6.895 24.26207 6.895 24.03 curveto
6.895 23.79793 6.98721 23.57538 7.15129 23.41129 curveto
7.31538 23.24721 7.53793 23.155 7.77 23.155 curveto
8.00208 23.155 8.22462 23.24721 8.38872 23.41129 curveto
8.5528 23.57538 8.645 23.79793 8.645 24.03 curveto closepath stroke
 0.00002 0.00018 0.00008 setrgbcolor
newpath 4.205 21.45 moveto
4.205 21.68207 4.1128 21.90462 3.94872 22.06871 curveto
3.78462 22.23279 3.56207 22.325 3.33 22.325 curveto
3.09793 22.325 2.87538 22.23279 2.71129 22.06871 curveto
2.54721 21.90462 2.455 21.68207 2.455 21.45 curveto
2.455 21.21793 2.54721 20.99538 2.71129 20.83128 curveto
2.87538 20.6672 3.09793 20.575 3.33 20.575 curveto
3.56207 20.575 3.78462 20.6672 3.94872 20.83128 curveto
4.1128 20.99538 4.205 21.21793 4.205 21.45 curveto closepath fill
 0.54 0.07 0.6 setrgbcolor
newpath 4.205 21.45 moveto
4.205 21.68207 4.1128 21.90462 3.94872 22.06871 curveto
3.78462 22.23279 3.56207 22.325 3.33 22.325 curveto
3.09793 22.325 2.87538 22.23279 2.71129 22.06871 curveto
2.54721 21.90462 2.455 21.68207 2.455 21.45 curveto
2.455 21.21793 2.54721 20.99538 2.71129 20.83128 curveto
2.87538 20.6672 3.09793 20.575 3.33 20.575 curveto
3.56207 20.575 3.78462 20.6672 3.94872 20.83128 curveto
4.1128 20.99538 4.205 21.21793 4.205 21.45 curveto closepath stroke
 0.00002 0.00018 0.00008 setrgbcolor
newpath 11.685 11.55 moveto
11.685 11.78207 11.59279 12.00462 11.42871 12.16872 curveto
11.26462 12.3328 11.04207 12.425 10.81 12.425 curveto
10.57793 12.425 10.35538 12.3328 10.19128 12.16872 curveto
10.0272 12.00462 9.935 11.78207 9.935 11.55 curveto
9.935 11.31793 10.0272 11.09538 10.19128 10.93129 curveto
10.35538 10.76721 10.57793 10.675 10.81 10.675 curveto
11.04207 10.675 11.26462 10.76721 11.42871 10.93129 curveto
11.59279 11.09538 11.685 11.31793 11.685 11.55 curveto closepath fill
 0.54 0.07 0.6 setrgbcolor
newpath 11.685 11.55 moveto
11.685 11.78207 11.59279 12.00462 11.42871 12.16872 curveto
11.26462 12.3328 11.04207 12.425 10.81 12.425 curveto
10.57793 12.425 10.35538 12.3328 10.19128 12.16872 curveto
10.0272 12.00462 9.935 11.78207 9.935 11.55 curveto
9.935 11.31793 10.0272 11.09538 10.19128 10.93129 curveto
10.35538 10.76721 10.57793 10.675 10.81 10.675 curveto
11.04207 10.675 11.26462 10.76721 11.42871 10.93129 curveto
11.59279 11.09538 11.685 11.31793 11.685 11.55 curveto closepath stroke
 0.00002 0.00018 0.00008 setrgbcolor
newpath 7.415 10.42 moveto
7.415 10.65207 7.32278 10.87462 7.1587 11.03871 curveto
6.99461 11.20279 6.77206 11.295 6.54 11.295 curveto
6.30792 11.295 6.08537 11.20279 5.92128 11.03871 curveto
5.7572 10.87462 5.665 10.65207 5.665 10.42 curveto
5.665 10.18793 5.7572 9.96538 5.92128 9.80128 curveto
6.08537 9.6372 6.30792 9.545 6.54 9.545 curveto
6.77206 9.545 6.99461 9.6372 7.1587 9.80128 curveto
7.32278 9.96538 7.415 10.18793 7.415 10.42 curveto closepath fill
 0.54 0.07 0.6 setrgbcolor
newpath 7.415 10.42 moveto
7.415 10.65207 7.32278 10.87462 7.1587 11.03871 curveto
6.99461 11.20279 6.77206 11.295 6.54 11.295 curveto
6.30792 11.295 6.08537 11.20279 5.92128 11.03871 curveto
5.7572 10.87462 5.665 10.65207 5.665 10.42 curveto
5.665 10.18793 5.7572 9.96538 5.92128 9.80128 curveto
6.08537 9.6372 6.30792 9.545 6.54 9.545 curveto
6.77206 9.545 6.99461 9.6372 7.1587 9.80128 curveto
7.32278 9.96538 7.415 10.18793 7.415 10.42 curveto closepath stroke
 0.00002 0.00018 0.00008 setrgbcolor
newpath -6.265 11.48 moveto
-6.265 11.71207 -6.35721 11.93462 -6.52129 12.09871 curveto
-6.68538 12.26279 -6.90793 12.355 -7.14 12.355 curveto
-7.37207 12.355 -7.59462 12.26279 -7.75871 12.09871 curveto
-7.92279 11.93462 -8.015 11.71207 -8.015 11.48 curveto
-8.015 11.24792 -7.92279 11.02538 -7.75871 10.86128 curveto
-7.59462 10.6972 -7.37207 10.605 -7.14 10.605 curveto
-6.90793 10.605 -6.68538 10.6972 -6.52129 10.86128 curveto
-6.35721 11.02538 -6.265 11.24792 -6.265 11.48 curveto closepath fill
 0.54 0.07 0.6 setrgbcolor
newpath -6.265 11.48 moveto
-6.265 11.71207 -6.35721 11.93462 -6.52129 12.09871 curveto
-6.68538 12.26279 -6.90793 12.355 -7.14 12.355 curveto
-7.37207 12.355 -7.59462 12.26279 -7.75871 12.09871 curveto
-7.92279 11.93462 -8.015 11.71207 -8.015 11.48 curveto
-8.015 11.24792 -7.92279 11.02538 -7.75871 10.86128 curveto
-7.59462 10.6972 -7.37207 10.605 -7.14 10.605 curveto
-6.90793 10.605 -6.68538 10.6972 -6.52129 10.86128 curveto
-6.35721 11.02538 -6.265 11.24792 -6.265 11.48 curveto closepath stroke
 0.00002 0.00018 0.00008 setrgbcolor
newpath -8.315 14.33 moveto
-8.315 14.56207 -8.40721 14.78462 -8.57129 14.94872 curveto
-8.73538 15.1128 -8.95793 15.205 -9.19 15.205 curveto
-9.42207 15.205 -9.64462 15.1128 -9.80872 14.94872 curveto
-9.9728 14.78462 -10.065 14.56207 -10.065 14.33 curveto
-10.065 14.09793 -9.9728 13.87538 -9.80872 13.71129 curveto
-9.64462 13.54721 -9.42207 13.455 -9.19 13.455 curveto
-8.95793 13.455 -8.73538 13.54721 -8.57129 13.71129 curveto
-8.40721 13.87538 -8.315 14.09793 -8.315 14.33 curveto closepath fill
 0.54 0.07 0.6 setrgbcolor
newpath -8.315 14.33 moveto
-8.315 14.56207 -8.40721 14.78462 -8.57129 14.94872 curveto
-8.73538 15.1128 -8.95793 15.205 -9.19 15.205 curveto
-9.42207 15.205 -9.64462 15.1128 -9.80872 14.94872 curveto
-9.9728 14.78462 -10.065 14.56207 -10.065 14.33 curveto
-10.065 14.09793 -9.9728 13.87538 -9.80872 13.71129 curveto
-9.64462 13.54721 -9.42207 13.455 -9.19 13.455 curveto
-8.95793 13.455 -8.73538 13.54721 -8.57129 13.71129 curveto
-8.40721 13.87538 -8.315 14.09793 -8.315 14.33 curveto closepath stroke
 0.00002 0.00018 0.00008 setrgbcolor
newpath -16.715 13.19 moveto
-16.715 13.42207 -16.8072 13.64462 -16.97128 13.80872 curveto
-17.13538 13.9728 -17.35793 14.065 -17.59 14.065 curveto
-17.82207 14.065 -18.04462 13.9728 -18.20871 13.80872 curveto
-18.37279 13.64462 -18.465 13.42207 -18.465 13.19 curveto
-18.465 12.95793 -18.37279 12.73538 -18.20871 12.57129 curveto
-18.04462 12.40721 -17.82207 12.315 -17.59 12.315 curveto
-17.35793 12.315 -17.13538 12.40721 -16.97128 12.57129 curveto
-16.8072 12.73538 -16.715 12.95793 -16.715 13.19 curveto closepath fill
 0.54 0.07 0.6 setrgbcolor
newpath -16.715 13.19 moveto
-16.715 13.42207 -16.8072 13.64462 -16.97128 13.80872 curveto
-17.13538 13.9728 -17.35793 14.065 -17.59 14.065 curveto
-17.82207 14.065 -18.04462 13.9728 -18.20871 13.80872 curveto
-18.37279 13.64462 -18.465 13.42207 -18.465 13.19 curveto
-18.465 12.95793 -18.37279 12.73538 -18.20871 12.57129 curveto
-18.04462 12.40721 -17.82207 12.315 -17.59 12.315 curveto
-17.35793 12.315 -17.13538 12.40721 -16.97128 12.57129 curveto
-16.8072 12.73538 -16.715 12.95793 -16.715 13.19 curveto closepath stroke
 0.00002 0.00018 0.00008 setrgbcolor
newpath -23.405 17.18 moveto
-23.405 17.41206 -23.49721 17.63461 -23.66129 17.7987 curveto
-23.82538 17.96278 -24.04793 18.055 -24.28 18.055 curveto
-24.51207 18.055 -24.73462 17.96278 -24.89871 17.7987 curveto
-25.06279 17.63461 -25.155 17.41206 -25.155 17.18 curveto
-25.155 16.94792 -25.06279 16.72537 -24.89871 16.56128 curveto
-24.73462 16.3972 -24.51207 16.305 -24.28 16.305 curveto
-24.04793 16.305 -23.82538 16.3972 -23.66129 16.56128 curveto
-23.49721 16.72537 -23.405 16.94792 -23.405 17.18 curveto closepath fill
 0.54 0.07 0.6 setrgbcolor
newpath -23.405 17.18 moveto
-23.405 17.41206 -23.49721 17.63461 -23.66129 17.7987 curveto
-23.82538 17.96278 -24.04793 18.055 -24.28 18.055 curveto
-24.51207 18.055 -24.73462 17.96278 -24.89871 17.7987 curveto
-25.06279 17.63461 -25.155 17.41206 -25.155 17.18 curveto
-25.155 16.94792 -25.06279 16.72537 -24.89871 16.56128 curveto
-24.73462 16.3972 -24.51207 16.305 -24.28 16.305 curveto
-24.04793 16.305 -23.82538 16.3972 -23.66129 16.56128 curveto
-23.49721 16.72537 -23.405 16.94792 -23.405 17.18 curveto closepath stroke
 0.00002 0.00018 0.00008 setrgbcolor
newpath -29.445 17.44 moveto
-29.445 17.67207 -29.53722 17.89462 -29.7013 18.05872 curveto
-29.86539 18.2228 -30.08794 18.315 -30.32 18.315 curveto
-30.55208 18.315 -30.77463 18.2228 -30.93872 18.05872 curveto
-31.1028 17.89462 -31.195 17.67207 -31.195 17.44 curveto
-31.195 17.20793 -31.1028 16.98538 -30.93872 16.82129 curveto
-30.77463 16.65721 -30.55208 16.565 -30.32 16.565 curveto
-30.08794 16.565 -29.86539 16.65721 -29.7013 16.82129 curveto
-29.53722 16.98538 -29.445 17.20793 -29.445 17.44 curveto closepath fill
 0.54 0.07 0.6 setrgbcolor
newpath -29.445 17.44 moveto
-29.445 17.67207 -29.53722 17.89462 -29.7013 18.05872 curveto
-29.86539 18.2228 -30.08794 18.315 -30.32 18.315 curveto
-30.55208 18.315 -30.77463 18.2228 -30.93872 18.05872 curveto
-31.1028 17.89462 -31.195 17.67207 -31.195 17.44 curveto
-31.195 17.20793 -31.1028 16.98538 -30.93872 16.82129 curveto
-30.77463 16.65721 -30.55208 16.565 -30.32 16.565 curveto
-30.08794 16.565 -29.86539 16.65721 -29.7013 16.82129 curveto
-29.53722 16.98538 -29.445 17.20793 -29.445 17.44 curveto closepath stroke
 0.00002 0.00018 0.00008 setrgbcolor
newpath -33.965 14.81 moveto
-33.965 15.04207 -34.0572 15.26462 -34.22128 15.42871 curveto
-34.38538 15.59279 -34.60793 15.685 -34.84 15.685 curveto
-35.07207 15.685 -35.29462 15.59279 -35.45871 15.42871 curveto
-35.62279 15.26462 -35.715 15.04207 -35.715 14.81 curveto
-35.715 14.57793 -35.62279 14.35538 -35.45871 14.19128 curveto
-35.29462 14.0272 -35.07207 13.935 -34.84 13.935 curveto
-34.60793 13.935 -34.38538 14.0272 -34.22128 14.19128 curveto
-34.0572 14.35538 -33.965 14.57793 -33.965 14.81 curveto closepath fill
 0.54 0.07 0.6 setrgbcolor
newpath -33.965 14.81 moveto
-33.965 15.04207 -34.0572 15.26462 -34.22128 15.42871 curveto
-34.38538 15.59279 -34.60793 15.685 -34.84 15.685 curveto
-35.07207 15.685 -35.29462 15.59279 -35.45871 15.42871 curveto
-35.62279 15.26462 -35.715 15.04207 -35.715 14.81 curveto
-35.715 14.57793 -35.62279 14.35538 -35.45871 14.19128 curveto
-35.29462 14.0272 -35.07207 13.935 -34.84 13.935 curveto
-34.60793 13.935 -34.38538 14.0272 -34.22128 14.19128 curveto
-34.0572 14.35538 -33.965 14.57793 -33.965 14.81 curveto closepath stroke
 0.00002 0.00018 0.00008 setrgbcolor
newpath -39.595 12.98 moveto
-39.595 13.21207 -39.68721 13.43462 -39.85129 13.59871 curveto
-40.01538 13.76279 -40.23793 13.855 -40.47 13.855 curveto
-40.70207 13.855 -40.92462 13.76279 -41.08871 13.59871 curveto
-41.25279 13.43462 -41.345 13.21207 -41.345 12.98 curveto
-41.345 12.74792 -41.25279 12.52538 -41.08871 12.36128 curveto
-40.92462 12.1972 -40.70207 12.105 -40.47 12.105 curveto
-40.23793 12.105 -40.01538 12.1972 -39.85129 12.36128 curveto
-39.68721 12.52538 -39.595 12.74792 -39.595 12.98 curveto closepath fill
 0.54 0.07 0.6 setrgbcolor
newpath -39.595 12.98 moveto
-39.595 13.21207 -39.68721 13.43462 -39.85129 13.59871 curveto
-40.01538 13.76279 -40.23793 13.855 -40.47 13.855 curveto
-40.70207 13.855 -40.92462 13.76279 -41.08871 13.59871 curveto
-41.25279 13.43462 -41.345 13.21207 -41.345 12.98 curveto
-41.345 12.74792 -41.25279 12.52538 -41.08871 12.36128 curveto
-40.92462 12.1972 -40.70207 12.105 -40.47 12.105 curveto
-40.23793 12.105 -40.01538 12.1972 -39.85129 12.36128 curveto
-39.68721 12.52538 -39.595 12.74792 -39.595 12.98 curveto closepath stroke
 0.00002 0.00018 0.00008 setrgbcolor
newpath -46.675 12.61 moveto
-46.675 12.84207 -46.76721 13.06462 -46.93129 13.22871 curveto
-47.09538 13.39279 -47.31793 13.485 -47.55 13.485 curveto
-47.78207 13.485 -48.00462 13.39279 -48.16872 13.22871 curveto
-48.3328 13.06462 -48.425 12.84207 -48.425 12.61 curveto
-48.425 12.37793 -48.3328 12.15538 -48.16872 11.99129 curveto
-48.00462 11.82721 -47.78207 11.735 -47.55 11.735 curveto
-47.31793 11.735 -47.09538 11.82721 -46.93129 11.99129 curveto
-46.76721 12.15538 -46.675 12.37793 -46.675 12.61 curveto closepath fill
 0.54 0.07 0.6 setrgbcolor
newpath -46.675 12.61 moveto
-46.675 12.84207 -46.76721 13.06462 -46.93129 13.22871 curveto
-47.09538 13.39279 -47.31793 13.485 -47.55 13.485 curveto
-47.78207 13.485 -48.00462 13.39279 -48.16872 13.22871 curveto
-48.3328 13.06462 -48.425 12.84207 -48.425 12.61 curveto
-48.425 12.37793 -48.3328 12.15538 -48.16872 11.99129 curveto
-48.00462 11.82721 -47.78207 11.735 -47.55 11.735 curveto
-47.31793 11.735 -47.09538 11.82721 -46.93129 11.99129 curveto
-46.76721 12.15538 -46.675 12.37793 -46.675 12.61 curveto closepath stroke
 0.00002 0.00018 0.00008 setrgbcolor
newpath -41.135 11.97 moveto
-41.135 12.20207 -41.2272 12.42462 -41.39128 12.58871 curveto
-41.55537 12.75279 -41.77792 12.845 -42.01 12.845 curveto
-42.24207 12.845 -42.46461 12.75279 -42.62871 12.58871 curveto
-42.79279 12.42462 -42.885 12.20207 -42.885 11.97 curveto
-42.885 11.73793 -42.79279 11.51538 -42.62871 11.35129 curveto
-42.46461 11.18721 -42.24207 11.095 -42.01 11.095 curveto
-41.77792 11.095 -41.55537 11.18721 -41.39128 11.35129 curveto
-41.2272 11.51538 -41.135 11.73793 -41.135 11.97 curveto closepath fill
 0.54 0.07 0.6 setrgbcolor
newpath -41.135 11.97 moveto
-41.135 12.20207 -41.2272 12.42462 -41.39128 12.58871 curveto
-41.55537 12.75279 -41.77792 12.845 -42.01 12.845 curveto
-42.24207 12.845 -42.46461 12.75279 -42.62871 12.58871 curveto
-42.79279 12.42462 -42.885 12.20207 -42.885 11.97 curveto
-42.885 11.73793 -42.79279 11.51538 -42.62871 11.35129 curveto
-42.46461 11.18721 -42.24207 11.095 -42.01 11.095 curveto
-41.77792 11.095 -41.55537 11.18721 -41.39128 11.35129 curveto
-41.2272 11.51538 -41.135 11.73793 -41.135 11.97 curveto closepath stroke
 0.00002 0.00018 0.00008 setrgbcolor
newpath -50.615 12.07 moveto
-50.615 12.30208 -50.70721 12.52463 -50.87129 12.68872 curveto
-51.03539 12.8528 -51.25793 12.945 -51.49 12.945 curveto
-51.72208 12.945 -51.94463 12.8528 -52.10872 12.68872 curveto
-52.2728 12.52463 -52.365 12.30208 -52.365 12.07 curveto
-52.365 11.83794 -52.2728 11.61539 -52.10872 11.4513 curveto
-51.94463 11.28722 -51.72208 11.195 -51.49 11.195 curveto
-51.25793 11.195 -51.03539 11.28722 -50.87129 11.4513 curveto
-50.70721 11.61539 -50.615 11.83794 -50.615 12.07 curveto closepath fill
 0.54 0.07 0.6 setrgbcolor
newpath -50.615 12.07 moveto
-50.615 12.30208 -50.70721 12.52463 -50.87129 12.68872 curveto
-51.03539 12.8528 -51.25793 12.945 -51.49 12.945 curveto
-51.72208 12.945 -51.94463 12.8528 -52.10872 12.68872 curveto
-52.2728 12.52463 -52.365 12.30208 -52.365 12.07 curveto
-52.365 11.83794 -52.2728 11.61539 -52.10872 11.4513 curveto
-51.94463 11.28722 -51.72208 11.195 -51.49 11.195 curveto
-51.25793 11.195 -51.03539 11.28722 -50.87129 11.4513 curveto
-50.70721 11.61539 -50.615 11.83794 -50.615 12.07 curveto closepath stroke
 0.00002 0.00018 0.00008 setrgbcolor
newpath -50.965 9.44 moveto
-50.965 9.67207 -51.0572 9.89462 -51.22128 10.05872 curveto
-51.38538 10.2228 -51.60793 10.315 -51.84 10.315 curveto
-52.07207 10.315 -52.29462 10.2228 -52.45871 10.05872 curveto
-52.62279 9.89462 -52.715 9.67207 -52.715 9.44 curveto
-52.715 9.20793 -52.62279 8.98538 -52.45871 8.82129 curveto
-52.29462 8.65721 -52.07207 8.565 -51.84 8.565 curveto
-51.60793 8.565 -51.38538 8.65721 -51.22128 8.82129 curveto
-51.0572 8.98538 -50.965 9.20793 -50.965 9.44 curveto closepath fill
 0.54 0.07 0.6 setrgbcolor
newpath -50.965 9.44 moveto
-50.965 9.67207 -51.0572 9.89462 -51.22128 10.05872 curveto
-51.38538 10.2228 -51.60793 10.315 -51.84 10.315 curveto
-52.07207 10.315 -52.29462 10.2228 -52.45871 10.05872 curveto
-52.62279 9.89462 -52.715 9.67207 -52.715 9.44 curveto
-52.715 9.20793 -52.62279 8.98538 -52.45871 8.82129 curveto
-52.29462 8.65721 -52.07207 8.565 -51.84 8.565 curveto
-51.60793 8.565 -51.38538 8.65721 -51.22128 8.82129 curveto
-51.0572 8.98538 -50.965 9.20793 -50.965 9.44 curveto closepath stroke
 0.00002 0.00018 0.00008 setrgbcolor
newpath -59.585 7.96 moveto
-59.585 8.19208 -59.67722 8.41463 -59.8413 8.57872 curveto
-60.00539 8.7428 -60.22794 8.835 -60.46 8.835 curveto
-60.69208 8.835 -60.91463 8.7428 -61.07872 8.57872 curveto
-61.2428 8.41463 -61.335 8.19208 -61.335 7.96 curveto
-61.335 7.72794 -61.2428 7.50539 -61.07872 7.3413 curveto
-60.91463 7.17722 -60.69208 7.085 -60.46 7.085 curveto
-60.22794 7.085 -60.00539 7.17722 -59.8413 7.3413 curveto
-59.67722 7.50539 -59.585 7.72794 -59.585 7.96 curveto closepath fill
 0.54 0.07 0.6 setrgbcolor
newpath -59.585 7.96 moveto
-59.585 8.19208 -59.67722 8.41463 -59.8413 8.57872 curveto
-60.00539 8.7428 -60.22794 8.835 -60.46 8.835 curveto
-60.69208 8.835 -60.91463 8.7428 -61.07872 8.57872 curveto
-61.2428 8.41463 -61.335 8.19208 -61.335 7.96 curveto
-61.335 7.72794 -61.2428 7.50539 -61.07872 7.3413 curveto
-60.91463 7.17722 -60.69208 7.085 -60.46 7.085 curveto
-60.22794 7.085 -60.00539 7.17722 -59.8413 7.3413 curveto
-59.67722 7.50539 -59.585 7.72794 -59.585 7.96 curveto closepath stroke
 0.00002 0.00018 0.00008 setrgbcolor
newpath -66.195 5.82 moveto
-66.195 6.05208 -66.28722 6.27463 -66.4513 6.43872 curveto
-66.61539 6.6028 -66.83794 6.695 -67.07 6.695 curveto
-67.30208 6.695 -67.52463 6.6028 -67.68872 6.43872 curveto
-67.8528 6.27463 -67.945 6.05208 -67.945 5.82 curveto
-67.945 5.58794 -67.8528 5.36539 -67.68872 5.2013 curveto
-67.52463 5.03722 -67.30208 4.945 -67.07 4.945 curveto
-66.83794 4.945 -66.61539 5.03722 -66.4513 5.2013 curveto
-66.28722 5.36539 -66.195 5.58794 -66.195 5.82 curveto closepath fill
 0.54 0.07 0.6 setrgbcolor
newpath -66.195 5.82 moveto
-66.195 6.05208 -66.28722 6.27463 -66.4513 6.43872 curveto
-66.61539 6.6028 -66.83794 6.695 -67.07 6.695 curveto
-67.30208 6.695 -67.52463 6.6028 -67.68872 6.43872 curveto
-67.8528 6.27463 -67.945 6.05208 -67.945 5.82 curveto
-67.945 5.58794 -67.8528 5.36539 -67.68872 5.2013 curveto
-67.52463 5.03722 -67.30208 4.945 -67.07 4.945 curveto
-66.83794 4.945 -66.61539 5.03722 -66.4513 5.2013 curveto
-66.28722 5.36539 -66.195 5.58794 -66.195 5.82 curveto closepath stroke
 0.00002 0.00018 0.00008 setrgbcolor
newpath -65.205 2.66 moveto
-65.205 2.89207 -65.29721 3.11462 -65.46129 3.27872 curveto
-65.62538 3.4428 -65.84793 3.535 -66.08 3.535 curveto
-66.31207 3.535 -66.53462 3.4428 -66.69872 3.27872 curveto
-66.8628 3.11462 -66.955 2.89207 -66.955 2.66 curveto
-66.955 2.42793 -66.8628 2.20538 -66.69872 2.04129 curveto
-66.53462 1.87721 -66.31207 1.785 -66.08 1.785 curveto
-65.84793 1.785 -65.62538 1.87721 -65.46129 2.04129 curveto
-65.29721 2.20538 -65.205 2.42793 -65.205 2.66 curveto closepath fill
 0.54 0.07 0.6 setrgbcolor
newpath -65.205 2.66 moveto
-65.205 2.89207 -65.29721 3.11462 -65.46129 3.27872 curveto
-65.62538 3.4428 -65.84793 3.535 -66.08 3.535 curveto
-66.31207 3.535 -66.53462 3.4428 -66.69872 3.27872 curveto
-66.8628 3.11462 -66.955 2.89207 -66.955 2.66 curveto
-66.955 2.42793 -66.8628 2.20538 -66.69872 2.04129 curveto
-66.53462 1.87721 -66.31207 1.785 -66.08 1.785 curveto
-65.84793 1.785 -65.62538 1.87721 -65.46129 2.04129 curveto
-65.29721 2.20538 -65.205 2.42793 -65.205 2.66 curveto closepath stroke
 0.00002 0.00018 0.00008 setrgbcolor
newpath -57.215 -1.06 moveto
-57.215 -0.82793 -57.3072 -0.60538 -57.47128 -0.44128 curveto
-57.63538 -0.2772 -57.85793 -0.185 -58.09 -0.185 curveto
-58.32207 -0.185 -58.54462 -0.2772 -58.70871 -0.44128 curveto
-58.87279 -0.60538 -58.965 -0.82793 -58.965 -1.06 curveto
-58.965 -1.29207 -58.87279 -1.51462 -58.70871 -1.67871 curveto
-58.54462 -1.84279 -58.32207 -1.935 -58.09 -1.935 curveto
-57.85793 -1.935 -57.63538 -1.84279 -57.47128 -1.67871 curveto
-57.3072 -1.51462 -57.215 -1.29207 -57.215 -1.06 curveto closepath fill
 0.54 0.07 0.6 setrgbcolor
newpath -57.215 -1.06 moveto
-57.215 -0.82793 -57.3072 -0.60538 -57.47128 -0.44128 curveto
-57.63538 -0.2772 -57.85793 -0.185 -58.09 -0.185 curveto
-58.32207 -0.185 -58.54462 -0.2772 -58.70871 -0.44128 curveto
-58.87279 -0.60538 -58.965 -0.82793 -58.965 -1.06 curveto
-58.965 -1.29207 -58.87279 -1.51462 -58.70871 -1.67871 curveto
-58.54462 -1.84279 -58.32207 -1.935 -58.09 -1.935 curveto
-57.85793 -1.935 -57.63538 -1.84279 -57.47128 -1.67871 curveto
-57.3072 -1.51462 -57.215 -1.29207 -57.215 -1.06 curveto closepath stroke
 0.00002 0.00018 0.00008 setrgbcolor
newpath -60.205 -6.29 moveto
-60.205 -6.05792 -60.29721 -5.83537 -60.46129 -5.67128 curveto
-60.62538 -5.5072 -60.84793 -5.415 -61.08 -5.415 curveto
-61.31207 -5.415 -61.53462 -5.5072 -61.69872 -5.67128 curveto
-61.8628 -5.83537 -61.955 -6.05792 -61.955 -6.29 curveto
-61.955 -6.52206 -61.8628 -6.74461 -61.69872 -6.9087 curveto
-61.53462 -7.07278 -61.31207 -7.165 -61.08 -7.165 curveto
-60.84793 -7.165 -60.62538 -7.07278 -60.46129 -6.9087 curveto
-60.29721 -6.74461 -60.205 -6.52206 -60.205 -6.29 curveto closepath fill
 0.54 0.07 0.6 setrgbcolor
newpath -60.205 -6.29 moveto
-60.205 -6.05792 -60.29721 -5.83537 -60.46129 -5.67128 curveto
-60.62538 -5.5072 -60.84793 -5.415 -61.08 -5.415 curveto
-61.31207 -5.415 -61.53462 -5.5072 -61.69872 -5.67128 curveto
-61.8628 -5.83537 -61.955 -6.05792 -61.955 -6.29 curveto
-61.955 -6.52206 -61.8628 -6.74461 -61.69872 -6.9087 curveto
-61.53462 -7.07278 -61.31207 -7.165 -61.08 -7.165 curveto
-60.84793 -7.165 -60.62538 -7.07278 -60.46129 -6.9087 curveto
-60.29721 -6.74461 -60.205 -6.52206 -60.205 -6.29 curveto closepath stroke
 0.00002 0.00018 0.00008 setrgbcolor
newpath -59.065 -8.67 moveto
-59.065 -8.43793 -59.15721 -8.21538 -59.32129 -8.05128 curveto
-59.48538 -7.8872 -59.70793 -7.795 -59.94 -7.795 curveto
-60.17207 -7.795 -60.39462 -7.8872 -60.55872 -8.05128 curveto
-60.7228 -8.21538 -60.815 -8.43793 -60.815 -8.67 curveto
-60.815 -8.90207 -60.7228 -9.12462 -60.55872 -9.28871 curveto
-60.39462 -9.45279 -60.17207 -9.545 -59.94 -9.545 curveto
-59.70793 -9.545 -59.48538 -9.45279 -59.32129 -9.28871 curveto
-59.15721 -9.12462 -59.065 -8.90207 -59.065 -8.67 curveto closepath fill
 0.54 0.07 0.6 setrgbcolor
newpath -59.065 -8.67 moveto
-59.065 -8.43793 -59.15721 -8.21538 -59.32129 -8.05128 curveto
-59.48538 -7.8872 -59.70793 -7.795 -59.94 -7.795 curveto
-60.17207 -7.795 -60.39462 -7.8872 -60.55872 -8.05128 curveto
-60.7228 -8.21538 -60.815 -8.43793 -60.815 -8.67 curveto
-60.815 -8.90207 -60.7228 -9.12462 -60.55872 -9.28871 curveto
-60.39462 -9.45279 -60.17207 -9.545 -59.94 -9.545 curveto
-59.70793 -9.545 -59.48538 -9.45279 -59.32129 -9.28871 curveto
-59.15721 -9.12462 -59.065 -8.90207 -59.065 -8.67 curveto closepath stroke
 0.00002 0.00018 0.00008 setrgbcolor
newpath -63.135 -14.51 moveto
-63.135 -14.27792 -63.2272 -14.05537 -63.39128 -13.89128 curveto
-63.55537 -13.7272 -63.77792 -13.635 -64.01 -13.635 curveto
-64.24207 -13.635 -64.46461 -13.7272 -64.62871 -13.89128 curveto
-64.79279 -14.05537 -64.885 -14.27792 -64.885 -14.51 curveto
-64.885 -14.74207 -64.79279 -14.96461 -64.62871 -15.12871 curveto
-64.46461 -15.29279 -64.24207 -15.385 -64.01 -15.385 curveto
-63.77792 -15.385 -63.55537 -15.29279 -63.39128 -15.12871 curveto
-63.2272 -14.96461 -63.135 -14.74207 -63.135 -14.51 curveto closepath fill
 0.54 0.07 0.6 setrgbcolor
newpath -63.135 -14.51 moveto
-63.135 -14.27792 -63.2272 -14.05537 -63.39128 -13.89128 curveto
-63.55537 -13.7272 -63.77792 -13.635 -64.01 -13.635 curveto
-64.24207 -13.635 -64.46461 -13.7272 -64.62871 -13.89128 curveto
-64.79279 -14.05537 -64.885 -14.27792 -64.885 -14.51 curveto
-64.885 -14.74207 -64.79279 -14.96461 -64.62871 -15.12871 curveto
-64.46461 -15.29279 -64.24207 -15.385 -64.01 -15.385 curveto
-63.77792 -15.385 -63.55537 -15.29279 -63.39128 -15.12871 curveto
-63.2272 -14.96461 -63.135 -14.74207 -63.135 -14.51 curveto closepath stroke
 0.00002 0.00018 0.00008 setrgbcolor
newpath -66.305 -16.02 moveto
-66.305 -15.78793 -66.3972 -15.56538 -66.56128 -15.40129 curveto
-66.72537 -15.23721 -66.94792 -15.145 -67.18 -15.145 curveto
-67.41206 -15.145 -67.63461 -15.23721 -67.7987 -15.40129 curveto
-67.96278 -15.56538 -68.055 -15.78793 -68.055 -16.02 curveto
-68.055 -16.25208 -67.96278 -16.47462 -67.7987 -16.63872 curveto
-67.63461 -16.8028 -67.41206 -16.895 -67.18 -16.895 curveto
-66.94792 -16.895 -66.72537 -16.8028 -66.56128 -16.63872 curveto
-66.3972 -16.47462 -66.305 -16.25208 -66.305 -16.02 curveto closepath fill
 0.54 0.07 0.6 setrgbcolor
newpath -66.305 -16.02 moveto
-66.305 -15.78793 -66.3972 -15.56538 -66.56128 -15.40129 curveto
-66.72537 -15.23721 -66.94792 -15.145 -67.18 -15.145 curveto
-67.41206 -15.145 -67.63461 -15.23721 -67.7987 -15.40129 curveto
-67.96278 -15.56538 -68.055 -15.78793 -68.055 -16.02 curveto
-68.055 -16.25208 -67.96278 -16.47462 -67.7987 -16.63872 curveto
-67.63461 -16.8028 -67.41206 -16.895 -67.18 -16.895 curveto
-66.94792 -16.895 -66.72537 -16.8028 -66.56128 -16.63872 curveto
-66.3972 -16.47462 -66.305 -16.25208 -66.305 -16.02 curveto closepath stroke
 0.00002 0.00018 0.00008 setrgbcolor
newpath -61.925 -23.57 moveto
-61.925 -23.33794 -62.01721 -23.11539 -62.18129 -22.9513 curveto
-62.34538 -22.78722 -62.56793 -22.695 -62.8 -22.695 curveto
-63.03207 -22.695 -63.25462 -22.78722 -63.41872 -22.9513 curveto
-63.5828 -23.11539 -63.675 -23.33794 -63.675 -23.57 curveto
-63.675 -23.80208 -63.5828 -24.02463 -63.41872 -24.18872 curveto
-63.25462 -24.3528 -63.03207 -24.445 -62.8 -24.445 curveto
-62.56793 -24.445 -62.34538 -24.3528 -62.18129 -24.18872 curveto
-62.01721 -24.02463 -61.925 -23.80208 -61.925 -23.57 curveto closepath fill
 0.54 0.07 0.6 setrgbcolor
newpath -61.925 -23.57 moveto
-61.925 -23.33794 -62.01721 -23.11539 -62.18129 -22.9513 curveto
-62.34538 -22.78722 -62.56793 -22.695 -62.8 -22.695 curveto
-63.03207 -22.695 -63.25462 -22.78722 -63.41872 -22.9513 curveto
-63.5828 -23.11539 -63.675 -23.33794 -63.675 -23.57 curveto
-63.675 -23.80208 -63.5828 -24.02463 -63.41872 -24.18872 curveto
-63.25462 -24.3528 -63.03207 -24.445 -62.8 -24.445 curveto
-62.56793 -24.445 -62.34538 -24.3528 -62.18129 -24.18872 curveto
-62.01721 -24.02463 -61.925 -23.80208 -61.925 -23.57 curveto closepath stroke
 0.00002 0.00018 0.00008 setrgbcolor
newpath -57.395 -27.33 moveto
-57.395 -27.09793 -57.48721 -26.87538 -57.65129 -26.71129 curveto
-57.81538 -26.54721 -58.03793 -26.455 -58.27 -26.455 curveto
-58.50208 -26.455 -58.72462 -26.54721 -58.88872 -26.71129 curveto
-59.0528 -26.87538 -59.145 -27.09793 -59.145 -27.33 curveto
-59.145 -27.56207 -59.0528 -27.78462 -58.88872 -27.94872 curveto
-58.72462 -28.1128 -58.50208 -28.205 -58.27 -28.205 curveto
-58.03793 -28.205 -57.81538 -28.1128 -57.65129 -27.94872 curveto
-57.48721 -27.78462 -57.395 -27.56207 -57.395 -27.33 curveto closepath fill
 0.54 0.07 0.6 setrgbcolor
newpath -57.395 -27.33 moveto
-57.395 -27.09793 -57.48721 -26.87538 -57.65129 -26.71129 curveto
-57.81538 -26.54721 -58.03793 -26.455 -58.27 -26.455 curveto
-58.50208 -26.455 -58.72462 -26.54721 -58.88872 -26.71129 curveto
-59.0528 -26.87538 -59.145 -27.09793 -59.145 -27.33 curveto
-59.145 -27.56207 -59.0528 -27.78462 -58.88872 -27.94872 curveto
-58.72462 -28.1128 -58.50208 -28.205 -58.27 -28.205 curveto
-58.03793 -28.205 -57.81538 -28.1128 -57.65129 -27.94872 curveto
-57.48721 -27.78462 -57.395 -27.56207 -57.395 -27.33 curveto closepath stroke
 0.00002 0.00018 0.00008 setrgbcolor
newpath -56.375 -33.05 moveto
-56.375 -32.81793 -56.46721 -32.59538 -56.63129 -32.43129 curveto
-56.79538 -32.26721 -57.01793 -32.175 -57.25 -32.175 curveto
-57.48207 -32.175 -57.70462 -32.26721 -57.86871 -32.43129 curveto
-58.03279 -32.59538 -58.125 -32.81793 -58.125 -33.05 curveto
-58.125 -33.28207 -58.03279 -33.50462 -57.86871 -33.66872 curveto
-57.70462 -33.8328 -57.48207 -33.925 -57.25 -33.925 curveto
-57.01793 -33.925 -56.79538 -33.8328 -56.63129 -33.66872 curveto
-56.46721 -33.50462 -56.375 -33.28207 -56.375 -33.05 curveto closepath fill
 0.54 0.07 0.6 setrgbcolor
newpath -56.375 -33.05 moveto
-56.375 -32.81793 -56.46721 -32.59538 -56.63129 -32.43129 curveto
-56.79538 -32.26721 -57.01793 -32.175 -57.25 -32.175 curveto
-57.48207 -32.175 -57.70462 -32.26721 -57.86871 -32.43129 curveto
-58.03279 -32.59538 -58.125 -32.81793 -58.125 -33.05 curveto
-58.125 -33.28207 -58.03279 -33.50462 -57.86871 -33.66872 curveto
-57.70462 -33.8328 -57.48207 -33.925 -57.25 -33.925 curveto
-57.01793 -33.925 -56.79538 -33.8328 -56.63129 -33.66872 curveto
-56.46721 -33.50462 -56.375 -33.28207 -56.375 -33.05 curveto closepath stroke
 0.00002 0.00018 0.00008 setrgbcolor
newpath -53.925 -39.73 moveto
-53.925 -39.49792 -54.01721 -39.27538 -54.18129 -39.11128 curveto
-54.34538 -38.9472 -54.56793 -38.855 -54.8 -38.855 curveto
-55.03207 -38.855 -55.25462 -38.9472 -55.41872 -39.11128 curveto
-55.5828 -39.27538 -55.675 -39.49792 -55.675 -39.73 curveto
-55.675 -39.96207 -55.5828 -40.18462 -55.41872 -40.34871 curveto
-55.25462 -40.51279 -55.03207 -40.605 -54.8 -40.605 curveto
-54.56793 -40.605 -54.34538 -40.51279 -54.18129 -40.34871 curveto
-54.01721 -40.18462 -53.925 -39.96207 -53.925 -39.73 curveto closepath fill
 0.54 0.07 0.6 setrgbcolor
newpath -53.925 -39.73 moveto
-53.925 -39.49792 -54.01721 -39.27538 -54.18129 -39.11128 curveto
-54.34538 -38.9472 -54.56793 -38.855 -54.8 -38.855 curveto
-55.03207 -38.855 -55.25462 -38.9472 -55.41872 -39.11128 curveto
-55.5828 -39.27538 -55.675 -39.49792 -55.675 -39.73 curveto
-55.675 -39.96207 -55.5828 -40.18462 -55.41872 -40.34871 curveto
-55.25462 -40.51279 -55.03207 -40.605 -54.8 -40.605 curveto
-54.56793 -40.605 -54.34538 -40.51279 -54.18129 -40.34871 curveto
-54.01721 -40.18462 -53.925 -39.96207 -53.925 -39.73 curveto closepath stroke
 0.00002 0.00018 0.00008 setrgbcolor
newpath -45.435 -49.84 moveto
-45.435 -49.60793 -45.5272 -49.38538 -45.69128 -49.22128 curveto
-45.85538 -49.0572 -46.07793 -48.965 -46.31 -48.965 curveto
-46.54207 -48.965 -46.76462 -49.0572 -46.92871 -49.22128 curveto
-47.09279 -49.38538 -47.185 -49.60793 -47.185 -49.84 curveto
-47.185 -50.07207 -47.09279 -50.29462 -46.92871 -50.45871 curveto
-46.76462 -50.62279 -46.54207 -50.715 -46.31 -50.715 curveto
-46.07793 -50.715 -45.85538 -50.62279 -45.69128 -50.45871 curveto
-45.5272 -50.29462 -45.435 -50.07207 -45.435 -49.84 curveto closepath fill
 0.54 0.07 0.6 setrgbcolor
newpath -45.435 -49.84 moveto
-45.435 -49.60793 -45.5272 -49.38538 -45.69128 -49.22128 curveto
-45.85538 -49.0572 -46.07793 -48.965 -46.31 -48.965 curveto
-46.54207 -48.965 -46.76462 -49.0572 -46.92871 -49.22128 curveto
-47.09279 -49.38538 -47.185 -49.60793 -47.185 -49.84 curveto
-47.185 -50.07207 -47.09279 -50.29462 -46.92871 -50.45871 curveto
-46.76462 -50.62279 -46.54207 -50.715 -46.31 -50.715 curveto
-46.07793 -50.715 -45.85538 -50.62279 -45.69128 -50.45871 curveto
-45.5272 -50.29462 -45.435 -50.07207 -45.435 -49.84 curveto closepath stroke
 0.00002 0.00018 0.00008 setrgbcolor
newpath -46.185 -52.7 moveto
-46.185 -52.46793 -46.2772 -52.24538 -46.44128 -52.08128 curveto
-46.60538 -51.9172 -46.82793 -51.825 -47.06 -51.825 curveto
-47.29207 -51.825 -47.51462 -51.9172 -47.67871 -52.08128 curveto
-47.84279 -52.24538 -47.935 -52.46793 -47.935 -52.7 curveto
-47.935 -52.93207 -47.84279 -53.15462 -47.67871 -53.31871 curveto
-47.51462 -53.48279 -47.29207 -53.575 -47.06 -53.575 curveto
-46.82793 -53.575 -46.60538 -53.48279 -46.44128 -53.31871 curveto
-46.2772 -53.15462 -46.185 -52.93207 -46.185 -52.7 curveto closepath fill
 0.54 0.07 0.6 setrgbcolor
newpath -46.185 -52.7 moveto
-46.185 -52.46793 -46.2772 -52.24538 -46.44128 -52.08128 curveto
-46.60538 -51.9172 -46.82793 -51.825 -47.06 -51.825 curveto
-47.29207 -51.825 -47.51462 -51.9172 -47.67871 -52.08128 curveto
-47.84279 -52.24538 -47.935 -52.46793 -47.935 -52.7 curveto
-47.935 -52.93207 -47.84279 -53.15462 -47.67871 -53.31871 curveto
-47.51462 -53.48279 -47.29207 -53.575 -47.06 -53.575 curveto
-46.82793 -53.575 -46.60538 -53.48279 -46.44128 -53.31871 curveto
-46.2772 -53.15462 -46.185 -52.93207 -46.185 -52.7 curveto closepath stroke
 0.00002 0.00018 0.00008 setrgbcolor
newpath -45.585 -55.97 moveto
-45.585 -55.73793 -45.67722 -55.51538 -45.8413 -55.35129 curveto
-46.00539 -55.18721 -46.22794 -55.095 -46.46 -55.095 curveto
-46.69208 -55.095 -46.91463 -55.18721 -47.07872 -55.35129 curveto
-47.2428 -55.51538 -47.335 -55.73793 -47.335 -55.97 curveto
-47.335 -56.20207 -47.2428 -56.42462 -47.07872 -56.58871 curveto
-46.91463 -56.75279 -46.69208 -56.845 -46.46 -56.845 curveto
-46.22794 -56.845 -46.00539 -56.75279 -45.8413 -56.58871 curveto
-45.67722 -56.42462 -45.585 -56.20207 -45.585 -55.97 curveto closepath fill
 0.54 0.07 0.6 setrgbcolor
newpath -45.585 -55.97 moveto
-45.585 -55.73793 -45.67722 -55.51538 -45.8413 -55.35129 curveto
-46.00539 -55.18721 -46.22794 -55.095 -46.46 -55.095 curveto
-46.69208 -55.095 -46.91463 -55.18721 -47.07872 -55.35129 curveto
-47.2428 -55.51538 -47.335 -55.73793 -47.335 -55.97 curveto
-47.335 -56.20207 -47.2428 -56.42462 -47.07872 -56.58871 curveto
-46.91463 -56.75279 -46.69208 -56.845 -46.46 -56.845 curveto
-46.22794 -56.845 -46.00539 -56.75279 -45.8413 -56.58871 curveto
-45.67722 -56.42462 -45.585 -56.20207 -45.585 -55.97 curveto closepath stroke
 0.00002 0.00018 0.00008 setrgbcolor
newpath -52.875 -55.92 moveto
-52.875 -55.68793 -52.96721 -55.46538 -53.13129 -55.30128 curveto
-53.29538 -55.1372 -53.51793 -55.045 -53.75 -55.045 curveto
-53.98207 -55.045 -54.20462 -55.1372 -54.36871 -55.30128 curveto
-54.53279 -55.46538 -54.625 -55.68793 -54.625 -55.92 curveto
-54.625 -56.15207 -54.53279 -56.37462 -54.36871 -56.53871 curveto
-54.20462 -56.70279 -53.98207 -56.795 -53.75 -56.795 curveto
-53.51793 -56.795 -53.29538 -56.70279 -53.13129 -56.53871 curveto
-52.96721 -56.37462 -52.875 -56.15207 -52.875 -55.92 curveto closepath fill
 0.54 0.07 0.6 setrgbcolor
newpath -52.875 -55.92 moveto
-52.875 -55.68793 -52.96721 -55.46538 -53.13129 -55.30128 curveto
-53.29538 -55.1372 -53.51793 -55.045 -53.75 -55.045 curveto
-53.98207 -55.045 -54.20462 -55.1372 -54.36871 -55.30128 curveto
-54.53279 -55.46538 -54.625 -55.68793 -54.625 -55.92 curveto
-54.625 -56.15207 -54.53279 -56.37462 -54.36871 -56.53871 curveto
-54.20462 -56.70279 -53.98207 -56.795 -53.75 -56.795 curveto
-53.51793 -56.795 -53.29538 -56.70279 -53.13129 -56.53871 curveto
-52.96721 -56.37462 -52.875 -56.15207 -52.875 -55.92 curveto closepath stroke
 0.00002 0.00018 0.00008 setrgbcolor
newpath -56.255 -58.32 moveto
-56.255 -58.08794 -56.34721 -57.86539 -56.51129 -57.7013 curveto
-56.67538 -57.53722 -56.89793 -57.445 -57.13 -57.445 curveto
-57.36208 -57.445 -57.58463 -57.53722 -57.74872 -57.7013 curveto
-57.9128 -57.86539 -58.005 -58.08794 -58.005 -58.32 curveto
-58.005 -58.55208 -57.9128 -58.77463 -57.74872 -58.93872 curveto
-57.58463 -59.1028 -57.36208 -59.195 -57.13 -59.195 curveto
-56.89793 -59.195 -56.67538 -59.1028 -56.51129 -58.93872 curveto
-56.34721 -58.77463 -56.255 -58.55208 -56.255 -58.32 curveto closepath fill
 0.54 0.07 0.6 setrgbcolor
newpath -56.255 -58.32 moveto
-56.255 -58.08794 -56.34721 -57.86539 -56.51129 -57.7013 curveto
-56.67538 -57.53722 -56.89793 -57.445 -57.13 -57.445 curveto
-57.36208 -57.445 -57.58463 -57.53722 -57.74872 -57.7013 curveto
-57.9128 -57.86539 -58.005 -58.08794 -58.005 -58.32 curveto
-58.005 -58.55208 -57.9128 -58.77463 -57.74872 -58.93872 curveto
-57.58463 -59.1028 -57.36208 -59.195 -57.13 -59.195 curveto
-56.89793 -59.195 -56.67538 -59.1028 -56.51129 -58.93872 curveto
-56.34721 -58.77463 -56.255 -58.55208 -56.255 -58.32 curveto closepath stroke
 0.00002 0.00018 0.00008 setrgbcolor
newpath -61.575 -58.75 moveto
-61.575 -58.51793 -61.6672 -58.29538 -61.83128 -58.13129 curveto
-61.99538 -57.96721 -62.21793 -57.875 -62.45 -57.875 curveto
-62.68207 -57.875 -62.90462 -57.96721 -63.06871 -58.13129 curveto
-63.23279 -58.29538 -63.325 -58.51793 -63.325 -58.75 curveto
-63.325 -58.98207 -63.23279 -59.20462 -63.06871 -59.36871 curveto
-62.90462 -59.53279 -62.68207 -59.625 -62.45 -59.625 curveto
-62.21793 -59.625 -61.99538 -59.53279 -61.83128 -59.36871 curveto
-61.6672 -59.20462 -61.575 -58.98207 -61.575 -58.75 curveto closepath fill
 0.54 0.07 0.6 setrgbcolor
newpath -61.575 -58.75 moveto
-61.575 -58.51793 -61.6672 -58.29538 -61.83128 -58.13129 curveto
-61.99538 -57.96721 -62.21793 -57.875 -62.45 -57.875 curveto
-62.68207 -57.875 -62.90462 -57.96721 -63.06871 -58.13129 curveto
-63.23279 -58.29538 -63.325 -58.51793 -63.325 -58.75 curveto
-63.325 -58.98207 -63.23279 -59.20462 -63.06871 -59.36871 curveto
-62.90462 -59.53279 -62.68207 -59.625 -62.45 -59.625 curveto
-62.21793 -59.625 -61.99538 -59.53279 -61.83128 -59.36871 curveto
-61.6672 -59.20462 -61.575 -58.98207 -61.575 -58.75 curveto closepath stroke
 0.00002 0.00018 0.00008 setrgbcolor
newpath -63.885 -56.71 moveto
-63.885 -56.47794 -63.9772 -56.25539 -64.14128 -56.0913 curveto
-64.30537 -55.92722 -64.52792 -55.835 -64.76 -55.835 curveto
-64.99207 -55.835 -65.21461 -55.92722 -65.37871 -56.0913 curveto
-65.54279 -56.25539 -65.635 -56.47794 -65.635 -56.71 curveto
-65.635 -56.94208 -65.54279 -57.16463 -65.37871 -57.32872 curveto
-65.21461 -57.4928 -64.99207 -57.585 -64.76 -57.585 curveto
-64.52792 -57.585 -64.30537 -57.4928 -64.14128 -57.32872 curveto
-63.9772 -57.16463 -63.885 -56.94208 -63.885 -56.71 curveto closepath fill
 0.54 0.07 0.6 setrgbcolor
newpath -63.885 -56.71 moveto
-63.885 -56.47794 -63.9772 -56.25539 -64.14128 -56.0913 curveto
-64.30537 -55.92722 -64.52792 -55.835 -64.76 -55.835 curveto
-64.99207 -55.835 -65.21461 -55.92722 -65.37871 -56.0913 curveto
-65.54279 -56.25539 -65.635 -56.47794 -65.635 -56.71 curveto
-65.635 -56.94208 -65.54279 -57.16463 -65.37871 -57.32872 curveto
-65.21461 -57.4928 -64.99207 -57.585 -64.76 -57.585 curveto
-64.52792 -57.585 -64.30537 -57.4928 -64.14128 -57.32872 curveto
-63.9772 -57.16463 -63.885 -56.94208 -63.885 -56.71 curveto closepath stroke
showpage
%%EOF
