%!PS
%%BoundingBox: -71 -26 71 33 
%%HiResBoundingBox: -70.31252 -25.92249 70.12251 32.9125 
%%Creator: MetaPost 1.999
%%CreationDate: 2017.07.18:1140
%%Pages: 1
%%BeginProlog
%%EndProlog
%%Page: 1 1
 0 0 0 setrgbcolor 0 0.24501 dtransform truncate idtransform setlinewidth pop
 [] 0 setdash 1 setlinecap 1 setlinejoin 10 setmiterlimit
newpath -46.06 -25.24 moveto
-46.06 -25.24 -44.2 -20.7 -42.95 -20.49 curveto
-41.7 -20.29 -39.37 -19.88 -33.82 -19.04 curveto
-28.26 -18.2 -24.63 -19.56 -20.37 -16.77 curveto
-16.11 -13.98 -15.91 -14.88 -10.81 -17.65 curveto
-5.67 -20.45 2.91 -19.33 5.09 -20.18 curveto
7.28 -21.03 10.21 -22.02 10.21 -22.02 curveto stroke
newpath 11.05 -19.66 moveto
11.05 -19.66 6.81 -16.17 5.69 -14.75 curveto
4.58 -13.32 2.26 -12.51 3.28 -10.35 curveto
4.33 -8.12 3.67 -4.37 6.89 -3.76 curveto
10.12 -3.14 18.58 -2.94 21.57 0.17 curveto
24.57 3.28 24.33 5.8 25.93 7.1 curveto
27.52 8.39 28.01 10.38 30.72 9.9 curveto
33.44 9.42 33.43 9.78 35.38 11.08 curveto
37.33 12.39 37.51 12.57 38.37 14.21 curveto
39.24 15.85 41.38 16.62 41.38 16.62 curveto stroke
newpath 41.38 16.62 moveto
41.38 16.62 44.87 21.21 46.68 20.9 curveto
48.49 20.59 50.32 19.01 51.36 20.67 curveto
52.4 22.32 52.7 25.04 53.36 27.41 curveto
54.02 29.78 55.98 30.55 60.47 30.69 curveto
64.96 30.82 70 30.62 70 30.62 curveto stroke
newpath 69.95 32.79 moveto
69.95 32.79 64.2 32.61 60.43 32.5 curveto
56.65 32.38 51.52 29.34 51.55 27.9 curveto
51.59 26.45 52.05 22.13 49.71 22.06 curveto
47.37 22 47.88 23.64 45.74 22.5 curveto
43.61 21.36 40.44 18.4 40.44 18.4 curveto stroke
newpath 40.44 18.4 moveto
40.44 18.4 37.27 15.27 36.52 16.69 curveto
35.77 18.11 38.05 20.69 38.05 20.69 curveto stroke
newpath 36.05 21.55 moveto
36.05 21.55 35.94 18.3 34.15 18.08 curveto
32.35 17.86 30.28 21.78 30.16 19.07 curveto
30.04 16.37 33.68 14.83 30.26 14.75 curveto
26.84 14.68 26.45 16.11 26.45 16.11 curveto stroke
newpath 25.05 14.1 moveto
25.05 14.1 30.12 12.77 29.05 12.57 curveto
27.97 12.36 26.73 11.44 25.84 10.88 curveto
24.95 10.32 24.81 8.69 22.29 8.64 curveto
19.77 8.59 20.29 9.5 17.09 7.45 curveto
13.9 5.4 6.27 0.19 4.86 -1.1 curveto
3.44 -2.39 2.35 -9.26 0.03 -8.54 curveto stroke
newpath 0.03 -8.54 moveto
0.03 -8.54 -7.13 -4.79 -3.74 -4 curveto
-0.34 -3.2 3.45 -2.93 3.43 -1.49 curveto
3.4 -0.05 3.69 2.84 3.98 6.08 curveto
4.27 9.33 4.16 14.37 4.68 15.1 curveto
5.21 15.83 6.24 17.65 6.24 17.65 curveto stroke
newpath 5.14 18.89 moveto
1.58 17.19 0.32 17.16 0.36 15.18 curveto
0.4 13.2 2.24 3.34 0.08 3.3 curveto
-2.09 3.25 -8.7 1.49 -11.43 2.51 curveto
-12.27 2.83 -10.77 4.86 -10.77 4.86 curveto stroke
newpath -13.48 5.34 moveto
-13.48 5.34 -10.96 5.21 -14.64 1 curveto
-18.32 -3.22 -19.52 -6.31 -24.2 -6.41 curveto
-28.89 -6.52 -36.65 -6.32 -38.86 -4.57 curveto
-41.06 -2.81 -43.28 -1.24 -43.83 -0.89 curveto stroke
newpath -44.96 -6.32 moveto
-44.96 -6.32 -43.72 -4.85 -43.32 -6.46 curveto
-42.93 -8.07 -40.78 -7.66 -42.12 -11.3 curveto
-43.46 -14.93 -43.39 -16.91 -46.43 -17.69 curveto
-49.46 -18.48 -61.57 -24.15 -63.02 -23.28 curveto
-64.48 -22.41 -69.74 -20.01 -69.74 -20.01 curveto stroke
newpath -70.19 -24.33 moveto
-70.19 -24.33 -64.04 -26 -62.07 -25.78 curveto
-60.1 -25.55 -48.83 -21.88 -45.8 -21.1 curveto
-42.77 -20.31 -47.89 -23.84 -47.89 -23.84 curveto stroke
newpath -6.92 -6.59 moveto
-6.92 -6.59 -5.01 -7.39 -4.44 -8.72 curveto
-3.88 -10.04 5.74 -16.92 0.67 -15.06 curveto
-3.74 -13.44 -7.87 -12 -8.63 -10.21 curveto
-9.39 -8.43 -6.92 -6.59 -6.92 -6.59 curveto closepath stroke
showpage
%%EOF
