%!PS
%%BoundingBox: -17 -39 17 37 
%%HiResBoundingBox: -16.07184 -38.96545 16.54001 36.54001 
%%Creator: MetaPost 1.999
%%CreationDate: 2017.07.18:1140
%%Pages: 1
%%BeginProlog
%%EndProlog
%%Page: 1 1
 0 0 0 setrgbcolor 0 0.7 dtransform truncate idtransform setlinewidth pop
 [] 0 setdash 1 setlinecap 1 setlinejoin 10 setmiterlimit
newpath -12.6 17.91 moveto
-12.6 17.91 -13.9 19.32 -10.49 19.94 curveto
-7.08 20.55 -3.22 23.86 -0.99 21.21 curveto
1.23 18.56 10.49 9.21 8.57 6.66 curveto
6.65 4.1 6.29 4.27 4.93 0.82 curveto
3.57 -2.63 1.99 -4.28 1.84 -5.37 curveto
1.68 -6.45 -0.67 -11.84 1.23 -10.24 curveto
3.88 -8.02 2.73 -5.17 3.49 -6.77 curveto
4.25 -8.38 8.34 -14.05 8.41 -16.57 curveto
8.47 -19.09 8.85 -19.8 6.02 -21.3 curveto
3.17 -22.8 1.56 -31.66 1.23 -33.11 curveto stroke
newpath 3.78 -34.67 moveto
3.78 -34.67 3.39 -33.06 5.55 -33.01 curveto
7.71 -32.97 9.68 -32.03 8.93 -30.96 curveto
8.19 -29.9 6.28 -25.08 7.91 -25.22 curveto
9.54 -25.37 15.36 -27.4 15.36 -27.4 curveto stroke
newpath 5.51 -31.03 moveto
5.51 -31.03 5.44 -27.97 6.19 -29.04 curveto
6.93 -30.1 8.04 -31.34 6.96 -31.36 curveto
5.88 -31.39 5.51 -31.03 5.51 -31.03 curveto closepath stroke
 0 0.35 dtransform truncate idtransform setlinewidth pop
newpath -2.48195 -37.88673 moveto
1.13258 -33.60954 lineto stroke
newpath -1.41258 -38.79045 moveto
2.20195 -34.51326 lineto stroke
 0 0.7 dtransform truncate idtransform setlinewidth pop
newpath 15.11 -24.52 moveto
15.11 -24.52 11.13 -23.71 12.03 -23.69 curveto stroke
newpath 13.16 -18.26 moveto
13.16 -18.26 13.86 -17.89 12.89 -15.39 curveto
11.92 -12.89 5.85 -7.62 6.7 -5.26 curveto
7.54 -2.9 13.51 2.82 13.45 5.51 curveto
13.39 8.2 4.12 26.19 2.85 26.35 curveto
1.59 26.5 1.22 27.03 0.48 27.73 curveto
-0.26 28.44 -2.66 30.91 -1.78 31.65 curveto
-0.9 32.39 0.34 33.32 0.34 33.32 curveto stroke
newpath -0.26 36.19 moveto
-0.26 36.19 -4.37 35.01 -4.14 32.67 curveto
-3.9 30.34 -0.41 27.17 -1.85 27.14 curveto
-3.29 27.11 -12.25 25.84 -13.3 24.56 curveto
-14.35 23.27 -15.78 22.7 -15.72 20.18 curveto
-15.66 17.66 -14.54 15.7 -12.76 16.82 curveto
-10.98 17.94 -12.6 17.91 -12.6 17.91 curveto stroke
 0.00002 0.00018 0.00008 setrgbcolor
newpath -2.405 31.94 moveto
-2.405 32.17207 -2.49721 32.39462 -2.66129 32.55872 curveto
-2.82538 32.7228 -3.04793 32.815 -3.28 32.815 curveto
-3.51207 32.815 -3.73462 32.7228 -3.89871 32.55872 curveto
-4.06279 32.39462 -4.155 32.17207 -4.155 31.94 curveto
-4.155 31.70793 -4.06279 31.48538 -3.89871 31.32129 curveto
-3.73462 31.15721 -3.51207 31.065 -3.28 31.065 curveto
-3.04793 31.065 -2.82538 31.15721 -2.66129 31.32129 curveto
-2.49721 31.48538 -2.405 31.70793 -2.405 31.94 curveto closepath fill
 0.54 0.07 0.6 setrgbcolor 0 0.35 dtransform truncate idtransform setlinewidth pop
newpath -2.405 31.94 moveto
-2.405 32.17207 -2.49721 32.39462 -2.66129 32.55872 curveto
-2.82538 32.7228 -3.04793 32.815 -3.28 32.815 curveto
-3.51207 32.815 -3.73462 32.7228 -3.89871 32.55872 curveto
-4.06279 32.39462 -4.155 32.17207 -4.155 31.94 curveto
-4.155 31.70793 -4.06279 31.48538 -3.89871 31.32129 curveto
-3.73462 31.15721 -3.51207 31.065 -3.28 31.065 curveto
-3.04793 31.065 -2.82538 31.15721 -2.66129 31.32129 curveto
-2.49721 31.48538 -2.405 31.70793 -2.405 31.94 curveto closepath stroke
 0.00002 0.00018 0.00008 setrgbcolor
newpath 1.745 24.79 moveto
1.745 25.02206 1.65279 25.24461 1.48871 25.4087 curveto
1.32462 25.57278 1.10207 25.665 0.87 25.665 curveto
0.63792 25.665 0.41537 25.57278 0.25128 25.4087 curveto
0.0872 25.24461 -0.005 25.02206 -0.005 24.79 curveto
-0.005 24.55792 0.0872 24.33537 0.25128 24.17128 curveto
0.41537 24.0072 0.63792 23.915 0.87 23.915 curveto
1.10207 23.915 1.32462 24.0072 1.48871 24.17128 curveto
1.65279 24.33537 1.745 24.55792 1.745 24.79 curveto closepath fill
 0.54 0.07 0.6 setrgbcolor
newpath 1.745 24.79 moveto
1.745 25.02206 1.65279 25.24461 1.48871 25.4087 curveto
1.32462 25.57278 1.10207 25.665 0.87 25.665 curveto
0.63792 25.665 0.41537 25.57278 0.25128 25.4087 curveto
0.0872 25.24461 -0.005 25.02206 -0.005 24.79 curveto
-0.005 24.55792 0.0872 24.33537 0.25128 24.17128 curveto
0.41537 24.0072 0.63792 23.915 0.87 23.915 curveto
1.10207 23.915 1.32462 24.0072 1.48871 24.17128 curveto
1.65279 24.33537 1.745 24.55792 1.745 24.79 curveto closepath stroke
 0.00002 0.00018 0.00008 setrgbcolor
newpath -10.985 22.62 moveto
-10.985 22.85207 -11.07721 23.07462 -11.24129 23.23871 curveto
-11.40538 23.40279 -11.62793 23.495 -11.86 23.495 curveto
-12.09207 23.495 -12.31462 23.40279 -12.47871 23.23871 curveto
-12.64279 23.07462 -12.735 22.85207 -12.735 22.62 curveto
-12.735 22.38792 -12.64279 22.16537 -12.47871 22.00128 curveto
-12.31462 21.8372 -12.09207 21.745 -11.86 21.745 curveto
-11.62793 21.745 -11.40538 21.8372 -11.24129 22.00128 curveto
-11.07721 22.16537 -10.985 22.38792 -10.985 22.62 curveto closepath fill
 0.54 0.07 0.6 setrgbcolor
newpath -10.985 22.62 moveto
-10.985 22.85207 -11.07721 23.07462 -11.24129 23.23871 curveto
-11.40538 23.40279 -11.62793 23.495 -11.86 23.495 curveto
-12.09207 23.495 -12.31462 23.40279 -12.47871 23.23871 curveto
-12.64279 23.07462 -12.735 22.85207 -12.735 22.62 curveto
-12.735 22.38792 -12.64279 22.16537 -12.47871 22.00128 curveto
-12.31462 21.8372 -12.09207 21.745 -11.86 21.745 curveto
-11.62793 21.745 -11.40538 21.8372 -11.24129 22.00128 curveto
-11.07721 22.16537 -10.985 22.38792 -10.985 22.62 curveto closepath stroke
 0.00002 0.00018 0.00008 setrgbcolor
newpath -13.165 18.9 moveto
-13.165 19.13206 -13.2572 19.35461 -13.42128 19.5187 curveto
-13.58537 19.68279 -13.80792 19.775 -14.04 19.775 curveto
-14.27206 19.775 -14.49461 19.68279 -14.6587 19.5187 curveto
-14.82278 19.35461 -14.915 19.13206 -14.915 18.9 curveto
-14.915 18.66792 -14.82278 18.44537 -14.6587 18.28128 curveto
-14.49461 18.1172 -14.27206 18.025 -14.04 18.025 curveto
-13.80792 18.025 -13.58537 18.1172 -13.42128 18.28128 curveto
-13.2572 18.44537 -13.165 18.66792 -13.165 18.9 curveto closepath fill
 0.54 0.07 0.6 setrgbcolor
newpath -13.165 18.9 moveto
-13.165 19.13206 -13.2572 19.35461 -13.42128 19.5187 curveto
-13.58537 19.68279 -13.80792 19.775 -14.04 19.775 curveto
-14.27206 19.775 -14.49461 19.68279 -14.6587 19.5187 curveto
-14.82278 19.35461 -14.915 19.13206 -14.915 18.9 curveto
-14.915 18.66792 -14.82278 18.44537 -14.6587 18.28128 curveto
-14.49461 18.1172 -14.27206 18.025 -14.04 18.025 curveto
-13.80792 18.025 -13.58537 18.1172 -13.42128 18.28128 curveto
-13.2572 18.44537 -13.165 18.66792 -13.165 18.9 curveto closepath stroke
 0.00002 0.00018 0.00008 setrgbcolor
newpath 12.855 5.76 moveto
12.855 5.99207 12.76279 6.21461 12.59871 6.37871 curveto
12.43462 6.54279 12.21207 6.635 11.98 6.635 curveto
11.74792 6.635 11.52538 6.54279 11.36128 6.37871 curveto
11.1972 6.21461 11.105 5.99207 11.105 5.76 curveto
11.105 5.52792 11.1972 5.30537 11.36128 5.14128 curveto
11.52538 4.9772 11.74792 4.885 11.98 4.885 curveto
12.21207 4.885 12.43462 4.9772 12.59871 5.14128 curveto
12.76279 5.30537 12.855 5.52792 12.855 5.76 curveto closepath fill
 0.54 0.07 0.6 setrgbcolor
newpath 12.855 5.76 moveto
12.855 5.99207 12.76279 6.21461 12.59871 6.37871 curveto
12.43462 6.54279 12.21207 6.635 11.98 6.635 curveto
11.74792 6.635 11.52538 6.54279 11.36128 6.37871 curveto
11.1972 6.21461 11.105 5.99207 11.105 5.76 curveto
11.105 5.52792 11.1972 5.30537 11.36128 5.14128 curveto
11.52538 4.9772 11.74792 4.885 11.98 4.885 curveto
12.21207 4.885 12.43462 4.9772 12.59871 5.14128 curveto
12.76279 5.30537 12.855 5.52792 12.855 5.76 curveto closepath stroke
 0.00002 0.00018 0.00008 setrgbcolor
newpath 8.235 1.1 moveto
8.235 1.33208 8.14279 1.55463 7.97871 1.71872 curveto
7.81462 1.8828 7.59207 1.975 7.36 1.975 curveto
7.12793 1.975 6.90538 1.8828 6.74129 1.71872 curveto
6.57721 1.55463 6.485 1.33208 6.485 1.1 curveto
6.485 0.86794 6.57721 0.64539 6.74129 0.4813 curveto
6.90538 0.31721 7.12793 0.225 7.36 0.225 curveto
7.59207 0.225 7.81462 0.31721 7.97871 0.4813 curveto
8.14279 0.64539 8.235 0.86794 8.235 1.1 curveto closepath fill
 0.54 0.07 0.6 setrgbcolor
newpath 8.235 1.1 moveto
8.235 1.33208 8.14279 1.55463 7.97871 1.71872 curveto
7.81462 1.8828 7.59207 1.975 7.36 1.975 curveto
7.12793 1.975 6.90538 1.8828 6.74129 1.71872 curveto
6.57721 1.55463 6.485 1.33208 6.485 1.1 curveto
6.485 0.86794 6.57721 0.64539 6.74129 0.4813 curveto
6.90538 0.31721 7.12793 0.225 7.36 0.225 curveto
7.59207 0.225 7.81462 0.31721 7.97871 0.4813 curveto
8.14279 0.64539 8.235 0.86794 8.235 1.1 curveto closepath stroke
 0.00002 0.00018 0.00008 setrgbcolor
newpath 5.405 -5.01 moveto
5.405 -4.77792 5.31279 -4.55537 5.14871 -4.39128 curveto
4.98462 -4.2272 4.76207 -4.135 4.53 -4.135 curveto
4.29793 -4.135 4.07538 -4.2272 3.91129 -4.39128 curveto
3.74721 -4.55537 3.655 -4.77792 3.655 -5.01 curveto
3.655 -5.24207 3.74721 -5.46461 3.91129 -5.62871 curveto
4.07538 -5.79279 4.29793 -5.885 4.53 -5.885 curveto
4.76207 -5.885 4.98462 -5.79279 5.14871 -5.62871 curveto
5.31279 -5.46461 5.405 -5.24207 5.405 -5.01 curveto closepath fill
 0.54 0.07 0.6 setrgbcolor
newpath 5.405 -5.01 moveto
5.405 -4.77792 5.31279 -4.55537 5.14871 -4.39128 curveto
4.98462 -4.2272 4.76207 -4.135 4.53 -4.135 curveto
4.29793 -4.135 4.07538 -4.2272 3.91129 -4.39128 curveto
3.74721 -4.55537 3.655 -4.77792 3.655 -5.01 curveto
3.655 -5.24207 3.74721 -5.46461 3.91129 -5.62871 curveto
4.07538 -5.79279 4.29793 -5.885 4.53 -5.885 curveto
4.76207 -5.885 4.98462 -5.79279 5.14871 -5.62871 curveto
5.31279 -5.46461 5.405 -5.24207 5.405 -5.01 curveto closepath stroke
 0.00002 0.00018 0.00008 setrgbcolor
newpath 11.565 -15.66 moveto
11.565 -15.42793 11.4728 -15.20538 11.30872 -15.04129 curveto
11.14462 -14.87721 10.92207 -14.785 10.69 -14.785 curveto
10.45793 -14.785 10.23538 -14.87721 10.07129 -15.04129 curveto
9.90721 -15.20538 9.815 -15.42793 9.815 -15.66 curveto
9.815 -15.89207 9.90721 -16.11462 10.07129 -16.27872 curveto
10.23538 -16.4428 10.45793 -16.535 10.69 -16.535 curveto
10.92207 -16.535 11.14462 -16.4428 11.30872 -16.27872 curveto
11.4728 -16.11462 11.565 -15.89207 11.565 -15.66 curveto closepath fill
 0.54 0.07 0.6 setrgbcolor
newpath 11.565 -15.66 moveto
11.565 -15.42793 11.4728 -15.20538 11.30872 -15.04129 curveto
11.14462 -14.87721 10.92207 -14.785 10.69 -14.785 curveto
10.45793 -14.785 10.23538 -14.87721 10.07129 -15.04129 curveto
9.90721 -15.20538 9.815 -15.42793 9.815 -15.66 curveto
9.815 -15.89207 9.90721 -16.11462 10.07129 -16.27872 curveto
10.23538 -16.4428 10.45793 -16.535 10.69 -16.535 curveto
10.92207 -16.535 11.14462 -16.4428 11.30872 -16.27872 curveto
11.4728 -16.11462 11.565 -15.89207 11.565 -15.66 curveto closepath stroke
 0.00002 0.00018 0.00008 setrgbcolor
newpath 12.765 -22.31 moveto
12.765 -22.07793 12.67279 -21.85538 12.50871 -21.69128 curveto
12.34462 -21.5272 12.12207 -21.435 11.89 -21.435 curveto
11.65793 -21.435 11.43538 -21.5272 11.27129 -21.69128 curveto
11.10721 -21.85538 11.015 -22.07793 11.015 -22.31 curveto
11.015 -22.54207 11.10721 -22.76462 11.27129 -22.92871 curveto
11.43538 -23.09279 11.65793 -23.185 11.89 -23.185 curveto
12.12207 -23.185 12.34462 -23.09279 12.50871 -22.92871 curveto
12.67279 -22.76462 12.765 -22.54207 12.765 -22.31 curveto closepath fill
 0.54 0.07 0.6 setrgbcolor
newpath 12.765 -22.31 moveto
12.765 -22.07793 12.67279 -21.85538 12.50871 -21.69128 curveto
12.34462 -21.5272 12.12207 -21.435 11.89 -21.435 curveto
11.65793 -21.435 11.43538 -21.5272 11.27129 -21.69128 curveto
11.10721 -21.85538 11.015 -22.07793 11.015 -22.31 curveto
11.015 -22.54207 11.10721 -22.76462 11.27129 -22.92871 curveto
11.43538 -23.09279 11.65793 -23.185 11.89 -23.185 curveto
12.12207 -23.185 12.34462 -23.09279 12.50871 -22.92871 curveto
12.67279 -22.76462 12.765 -22.54207 12.765 -22.31 curveto closepath stroke
 0.00002 0.00018 0.00008 setrgbcolor
newpath 16.365 -26.05 moveto
16.365 -25.81793 16.2728 -25.59538 16.10872 -25.43129 curveto
15.94463 -25.26721 15.72208 -25.175 15.49 -25.175 curveto
15.25793 -25.175 15.03539 -25.26721 14.87129 -25.43129 curveto
14.70721 -25.59538 14.615 -25.81793 14.615 -26.05 curveto
14.615 -26.28207 14.70721 -26.50462 14.87129 -26.66872 curveto
15.03539 -26.8328 15.25793 -26.925 15.49 -26.925 curveto
15.72208 -26.925 15.94463 -26.8328 16.10872 -26.66872 curveto
16.2728 -26.50462 16.365 -26.28207 16.365 -26.05 curveto closepath fill
 0.54 0.07 0.6 setrgbcolor
newpath 16.365 -26.05 moveto
16.365 -25.81793 16.2728 -25.59538 16.10872 -25.43129 curveto
15.94463 -25.26721 15.72208 -25.175 15.49 -25.175 curveto
15.25793 -25.175 15.03539 -25.26721 14.87129 -25.43129 curveto
14.70721 -25.59538 14.615 -25.81793 14.615 -26.05 curveto
14.615 -26.28207 14.70721 -26.50462 14.87129 -26.66872 curveto
15.03539 -26.8328 15.25793 -26.925 15.49 -26.925 curveto
15.72208 -26.925 15.94463 -26.8328 16.10872 -26.66872 curveto
16.2728 -26.50462 16.365 -26.28207 16.365 -26.05 curveto closepath stroke
 0.00002 0.00018 0.00008 setrgbcolor
newpath 7.265 -23.25 moveto
7.265 -23.01793 7.17279 -22.79538 7.00871 -22.63129 curveto
6.84462 -22.46721 6.62207 -22.375 6.39 -22.375 curveto
6.15793 -22.375 5.93538 -22.46721 5.77129 -22.63129 curveto
5.60721 -22.79538 5.515 -23.01793 5.515 -23.25 curveto
5.515 -23.48207 5.60721 -23.70462 5.77129 -23.86871 curveto
5.93538 -24.03279 6.15793 -24.125 6.39 -24.125 curveto
6.62207 -24.125 6.84462 -24.03279 7.00871 -23.86871 curveto
7.17279 -23.70462 7.265 -23.48207 7.265 -23.25 curveto closepath fill
 0.54 0.07 0.6 setrgbcolor
newpath 7.265 -23.25 moveto
7.265 -23.01793 7.17279 -22.79538 7.00871 -22.63129 curveto
6.84462 -22.46721 6.62207 -22.375 6.39 -22.375 curveto
6.15793 -22.375 5.93538 -22.46721 5.77129 -22.63129 curveto
5.60721 -22.79538 5.515 -23.01793 5.515 -23.25 curveto
5.515 -23.48207 5.60721 -23.70462 5.77129 -23.86871 curveto
5.93538 -24.03279 6.15793 -24.125 6.39 -24.125 curveto
6.62207 -24.125 6.84462 -24.03279 7.00871 -23.86871 curveto
7.17279 -23.70462 7.265 -23.48207 7.265 -23.25 curveto closepath stroke
 0.00002 0.00018 0.00008 setrgbcolor
newpath 3.245 -34.09 moveto
3.245 -33.85793 3.15279 -33.63538 2.98871 -33.47128 curveto
2.82462 -33.3072 2.60207 -33.215 2.37 -33.215 curveto
2.13792 -33.215 1.91537 -33.3072 1.75128 -33.47128 curveto
1.5872 -33.63538 1.495 -33.85793 1.495 -34.09 curveto
1.495 -34.32207 1.5872 -34.54462 1.75128 -34.70871 curveto
1.91537 -34.87279 2.13792 -34.965 2.37 -34.965 curveto
2.60207 -34.965 2.82462 -34.87279 2.98871 -34.70871 curveto
3.15279 -34.54462 3.245 -34.32207 3.245 -34.09 curveto closepath fill
 0.54 0.07 0.6 setrgbcolor
newpath 3.245 -34.09 moveto
3.245 -33.85793 3.15279 -33.63538 2.98871 -33.47128 curveto
2.82462 -33.3072 2.60207 -33.215 2.37 -33.215 curveto
2.13792 -33.215 1.91537 -33.3072 1.75128 -33.47128 curveto
1.5872 -33.63538 1.495 -33.85793 1.495 -34.09 curveto
1.495 -34.32207 1.5872 -34.54462 1.75128 -34.70871 curveto
1.91537 -34.87279 2.13792 -34.965 2.37 -34.965 curveto
2.60207 -34.965 2.82462 -34.87279 2.98871 -34.70871 curveto
3.15279 -34.54462 3.245 -34.32207 3.245 -34.09 curveto closepath stroke
showpage
%%EOF
