%!PS
%%BoundingBox: -29 -90 29 85 
%%HiResBoundingBox: -28.53291 -89.2917 28.15514 84.04251 
%%Creator: MetaPost 1.999
%%CreationDate: 2017.07.18:1140
%%Pages: 1
%%BeginProlog
%%EndProlog
%%Page: 1 1
 0 0 0 setrgbcolor 0 0.24501 dtransform truncate idtransform setlinewidth pop
 [] 0 setdash 1 setlinecap 1 setlinejoin 10 setmiterlimit
newpath 0.21 -85.55 moveto
0.21 -85.55 5.21 -89.71 6.99 -89.11 curveto
8.77 -88.51 12.72 -88.19 14.1 -86.17 curveto
15.47 -84.14 17.46 -83.84 17.36 -81.56 curveto
17.27 -79.28 14.89 -77.5 16.33 -77.45 curveto
17.76 -77.4 19.18 -76.62 19.18 -76.62 curveto
19.18 -76.62 22.63 -72.19 21.88 -71.31 curveto
21.13 -70.44 19.61 -67.98 18.1 -66.22 curveto
17.35 -65.34 18.43 -65.13 16.4 -63.75 curveto
14.37 -62.38 9.84 -56.23 7.87 -56.48 curveto
5.9 -56.73 2.71 -58.46 3.56 -56.99 curveto
4.41 -55.52 7.22 -53.45 5.55 -51.88 curveto
3.88 -50.31 -4.08 -43.91 -3.25 -41.9 curveto
-2.41 -39.9 -1.46 -41.3 -1.92 -38.44 curveto
-2.38 -35.57 -4.16 -31.13 -5.31 -28.83 curveto
-6.47 -26.53 -9.61 -18.89 -10.71 -18.39 curveto
-11.8 -17.88 -17.02 -15.66 -18.09 -13.05 curveto
-19.17 -10.45 -17.79 -8.33 -19.35 -7.87 curveto
-20.44 -7.55 -22.54 -9.24 -21.67 -8.31 curveto
-20.8 -7.38 -18 -5.12 -19.99 -4.65 curveto
-21.99 -4.18 -26.19 -2.52 -26.23 -1.26 curveto
-26.27 0 -27.36 2.58 -25.69 3.98 curveto
-24.02 5.38 -23.86 8.55 -23.11 7.49 curveto
-22.35 6.44 -21.72 3.94 -20.32 5.06 curveto
-18.92 6.19 -14.99 12.27 -14.58 10.84 curveto
-14.17 9.42 -13.66 5.11 -11.86 5.17 curveto
-10.06 5.23 -7.51 4.24 -7 5.16 curveto
-6.49 6.07 -6.22 8.78 -4.76 8.11 curveto
-3.29 7.44 -1.25 5.71 0 6.11 curveto
1.24 6.51 1.17 8.67 2.79 8.55 curveto
4.42 8.42 3.99 9.52 5.87 8.11 curveto
7.75 6.7 8.65 5.68 11.2 4.87 curveto
13.75 4.05 14.36 2.09 16.87 2.36 curveto
19.38 2.62 20.85 1.77 22.6 3.27 curveto
24.35 4.77 28.98 6.37 27.86 7.59 curveto
26.74 8.82 23.99 10.82 24.62 12.89 curveto
25.24 14.95 25.92 16.89 24.26 18.1 curveto
22.6 19.3 21.21 17.81 19.91 18.85 curveto
18.62 19.89 18.26 19.87 17.3 21.64 curveto
16.34 23.41 17.2 24.7 15.12 27.52 curveto
13.05 30.33 10.43 33.12 9.63 35.43 curveto
8.83 37.74 3.47 43.33 5.4 44.66 curveto
7.33 45.98 10.86 48.25 8.09 50.32 curveto
5.32 52.39 3.54 51.44 2.78 53.03 curveto
2.02 54.63 1.29 54.61 1.6 56.23 curveto
1.91 57.87 1.93 57.69 1.85 59.67 curveto
1.77 61.66 1.94 61.31 2.41 63.13 curveto
2.88 64.95 0.94 79.8 2.7 81.29 curveto
4.46 82.78 6.39 83.92 6.39 83.92 curveto stroke
newpath -11.36 81.44 moveto
-11.36 81.44 -10.3 82.37 -8.23 79.19 curveto
-6.15 76.01 -2.12 65.85 -2.05 63.14 curveto
-1.97 60.44 -1.41 60.46 -1.35 58.66 curveto
-1.29 56.87 -0.19 52.4 -0.19 52.4 curveto
-2.43 52.69 lineto stroke
newpath -2.56 50.19 moveto
-2.56 50.19 -3.36 43.65 -0.81 42.11 curveto
1.75 40.57 2.46 40.96 4.27 40.29 curveto
6.08 39.63 5.79 37.28 7.12 35.17 curveto
8.45 33.05 10.93 28.99 12.65 25.99 curveto
14.37 22.99 14.81 21.86 17.12 19.45 curveto
19.44 17.03 19.09 16.48 20.53 16.53 curveto
21.97 16.58 23.55 17.71 23.43 16.09 curveto
23.3 14.46 20.97 14.2 22.47 12.46 curveto
23.97 10.71 26.2 8.8 24.96 8.04 curveto
23.73 7.27 22.7 5.62 20.92 5.02 curveto
19.14 4.42 18.98 3.87 16.44 4.5 curveto
13.89 5.14 14.04 6.05 11.67 7.05 curveto
9.29 8.05 7.79 9.79 5.81 9.91 curveto
3.82 10.02 2.79 11.82 1.29 10.48 curveto
0.24 9.54 0.11 7.92 -0.98 8.42 curveto
-2.08 8.92 -3.97 11.38 -5.37 10.25 curveto
-6.77 9.12 -6.89 7.32 -8.15 7.28 curveto
-9.41 7.24 -10.63 6.11 -11.04 7.36 curveto
-11.44 8.61 -12.7 13.97 -14.31 13.55 curveto
-15.92 13.14 -19.85 7.06 -20.77 7.57 curveto
-21.69 8.08 -22.19 12.21 -23.21 10.37 curveto
-24.22 8.53 -28.01 8.59 -27.9 5.35 curveto
-27.79 2.11 -29.17 0.3 -27.8 -2.75 curveto
-26.43 -5.81 -22.15 -4.72 -22.28 -6.17 curveto
-22.41 -7.61 -25.59 -9.53 -24.12 -10.38 curveto
-22.65 -11.23 -20.41 -8.45 -20.34 -10.42 curveto
-20.28 -12.41 -22.04 -13.55 -20.2 -14.57 curveto
-18.37 -15.59 -14.34 -17.43 -12.81 -20.08 curveto
-11.28 -22.73 -8.4 -28.03 -7.24 -30.33 curveto
-6.08 -32.64 -4 -35.63 -4.27 -38.16 curveto
-4.55 -40.69 -7.45 -40.06 -5.75 -42.53 curveto
-4.05 -44.99 2.47 -51.08 2.7 -52.69 curveto
2.93 -54.31 0.08 -55.12 1.42 -57.42 curveto
2.76 -59.71 5.04 -58.02 6.88 -59.03 curveto
8.71 -60.05 13.17 -64.04 15.03 -65.96 curveto
16.9 -67.88 20.01 -69.4 19.71 -71.03 curveto
19.4 -72.66 18.38 -74.49 17.14 -74.9 curveto
15.89 -75.3 13.69 -74.12 14.32 -76.62 curveto
14.94 -79.12 15.89 -80.52 15.2 -81.63 curveto
14.52 -82.73 14.7 -82.72 12.58 -84.06 curveto
10.47 -85.39 9.59 -85.96 7.61 -86.03 curveto
5.63 -86.09 2.5 -84.04 2.5 -84.04 curveto stroke
showpage
%%EOF
