%!PS
%%BoundingBox: -193 -42 193 39 
%%HiResBoundingBox: -192.38 -41.73 192.38 38.2921 
%%Creator: MetaPost 1.999
%%CreationDate: 2017.01.29:1559
%%Pages: 1
%%BeginProlog
%%EndProlog
%%Page: 1 1
 0 0 0 setrgbcolor 0 1.4 dtransform truncate idtransform setlinewidth pop
 [] 0 setdash 1 setlinecap 1 setlinejoin 10 setmiterlimit
newpath 57.04 -41.03 moveto
57.04 -41.03 50.93 -21.23 47.69 -18.71 curveto
44.45 -16.19 34.37 -9.35 34.37 -9.35 curveto stroke
 0 0.7 dtransform truncate idtransform setlinewidth pop
newpath 37.25 -1.44 moveto
37.25 -1.44 25.38 11.52 -8.82 11.88 curveto
-43.01 12.25 -73.24 20.53 -118.6 1.81 curveto
-163.95 -16.9 -192.03 -34.53 -192.03 -34.53 curveto stroke
newpath -188.32002 -33.86176 moveto
-192.03 -34.53 lineto
-189.80446 -31.4874 lineto stroke
newpath 98.08 24.47 moveto
98.08 24.47 55.96 41.03 36.53 37.43 curveto
17.1 33.83 -26.45 14.4 -33.65 14.41 curveto
-40.85 14.41 -55.61 14.41 -55.61 14.41 curveto stroke
newpath -52.11 13.00992 moveto
-55.61 14.41 lineto
-52.11 15.81009 lineto stroke
 0 1.4 dtransform truncate idtransform setlinewidth pop
newpath 40.85 9.36 moveto
40.85 9.36 49.85 2.16 54.89 2.16 curveto
59.93 2.16 70.36 6.83 73.96 7.19 curveto
77.56 7.55 82.96 3.95 88 3.95 curveto
93.04 3.95 98.8 3.23 96.64 6.11 curveto
94.48 8.99 89.08 12.95 89.08 12.95 curveto stroke
newpath 78.99 -39.6 moveto
78.99 -39.6 73.96 -25.56 73.96 -19.8 curveto
73.96 -14.04 87.64 -10.45 92.68 -9.01 curveto
97.72 -7.57 93.76 -16.93 99.16 -20.89 curveto
104.56 -24.85 107.8 -18.01 117.52 -19.81 curveto
127.24 -21.6 127.96 -20.52 134.8 -17.28 curveto
141.64 -14.04 145.24 -3.96 145.24 -3.96 curveto stroke
 0 0.7 dtransform truncate idtransform setlinewidth pop
newpath 145.24 11.88 moveto
145.24 11.88 188.07 31.67 192.03 34.19 curveto stroke
newpath 188.30554 33.60808 moveto
192.03 34.19 lineto
189.73444 31.19994 lineto stroke
 0 1.4 dtransform truncate idtransform setlinewidth pop
newpath 104.2 33.11 moveto
104.2 33.11 114.63 15.47 120.03 15.47 curveto
125.44 15.48 135.87 20.88 135.87 20.88 curveto stroke
 0.00002 0.00018 0.00008 setrgbcolor
newpath 65.04 -14.8 moveto
65.04 -14.33585 64.85559 -13.89076 64.5274 -13.56259 curveto
64.19923 -13.2344 63.75415 -13.05 63.29 -13.05 curveto
62.82584 -13.05 62.38075 -13.2344 62.05258 -13.56259 curveto
61.7244 -13.89076 61.54 -14.33585 61.54 -14.8 curveto
61.54 -15.26416 61.7244 -15.70924 62.05258 -16.03741 curveto
62.38075 -16.3656 62.82584 -16.55 63.29 -16.55 curveto
63.75415 -16.55 64.19923 -16.3656 64.5274 -16.03741 curveto
64.85559 -15.70924 65.04 -15.26416 65.04 -14.8 curveto closepath fill
 0 0 0 setrgbcolor 0 0.7 dtransform truncate idtransform setlinewidth pop
newpath 65.04 -14.8 moveto
65.04 -14.33585 64.85559 -13.89076 64.5274 -13.56259 curveto
64.19923 -13.2344 63.75415 -13.05 63.29 -13.05 curveto
62.82584 -13.05 62.38075 -13.2344 62.05258 -13.56259 curveto
61.7244 -13.89076 61.54 -14.33585 61.54 -14.8 curveto
61.54 -15.26416 61.7244 -15.70924 62.05258 -16.03741 curveto
62.38075 -16.3656 62.82584 -16.55 63.29 -16.55 curveto
63.75415 -16.55 64.19923 -16.3656 64.5274 -16.03741 curveto
64.85559 -15.70924 65.04 -15.26416 65.04 -14.8 curveto closepath stroke
 0.00002 0.00018 0.00008 setrgbcolor
newpath 90.92 0.51 moveto
90.92 0.97415 90.7356 1.41924 90.40741 1.7474 curveto
90.07924 2.07559 89.63416 2.26 89.17 2.26 curveto
88.70584 2.26 88.26076 2.07559 87.93259 1.7474 curveto
87.6044 1.41924 87.42 0.97415 87.42 0.51 curveto
87.42 0.04584 87.6044 -0.39925 87.93259 -0.72742 curveto
88.26076 -1.0556 88.70584 -1.24 89.17 -1.24 curveto
89.63416 -1.24 90.07924 -1.0556 90.40741 -0.72742 curveto
90.7356 -0.39925 90.92 0.04584 90.92 0.51 curveto closepath fill
 0 0 0 setrgbcolor
newpath 90.92 0.51 moveto
90.92 0.97415 90.7356 1.41924 90.40741 1.7474 curveto
90.07924 2.07559 89.63416 2.26 89.17 2.26 curveto
88.70584 2.26 88.26076 2.07559 87.93259 1.7474 curveto
87.6044 1.41924 87.42 0.97415 87.42 0.51 curveto
87.42 0.04584 87.6044 -0.39925 87.93259 -0.72742 curveto
88.26076 -1.0556 88.70584 -1.24 89.17 -1.24 curveto
89.63416 -1.24 90.07924 -1.0556 90.40741 -0.72742 curveto
90.7356 -0.39925 90.92 0.04584 90.92 0.51 curveto closepath stroke
 0.00002 0.00018 0.00008 setrgbcolor
newpath 121.89 -8.49 moveto
121.89 -8.02585 121.7056 -7.58076 121.37741 -7.2526 curveto
121.04924 -6.92441 120.60416 -6.74 120.14 -6.74 curveto
119.67584 -6.74 119.23076 -6.92441 118.90259 -7.2526 curveto
118.5744 -7.58076 118.39 -8.02585 118.39 -8.49 curveto
118.39 -8.95416 118.5744 -9.39925 118.90259 -9.72742 curveto
119.23076 -10.0556 119.67584 -10.24 120.14 -10.24 curveto
120.60416 -10.24 121.04924 -10.0556 121.37741 -9.72742 curveto
121.7056 -9.39925 121.89 -8.95416 121.89 -8.49 curveto closepath fill
 0 0 0 setrgbcolor
newpath 121.89 -8.49 moveto
121.89 -8.02585 121.7056 -7.58076 121.37741 -7.2526 curveto
121.04924 -6.92441 120.60416 -6.74 120.14 -6.74 curveto
119.67584 -6.74 119.23076 -6.92441 118.90259 -7.2526 curveto
118.5744 -7.58076 118.39 -8.02585 118.39 -8.49 curveto
118.39 -8.95416 118.5744 -9.39925 118.90259 -9.72742 curveto
119.23076 -10.0556 119.67584 -10.24 120.14 -10.24 curveto
120.60416 -10.24 121.04924 -10.0556 121.37741 -9.72742 curveto
121.7056 -9.39925 121.89 -8.95416 121.89 -8.49 curveto closepath stroke
showpage
%%EOF
