%!PS
%%BoundingBox: -38 -41 37 33 
%%HiResBoundingBox: -37.20009 -40.47 36.15 32.81003 
%%Creator: MetaPost 1.999
%%CreationDate: 2017.01.29:1559
%%Pages: 1
%%BeginProlog
%%EndProlog
%%Page: 1 1
 0 0 0 setrgbcolor 0 1.4 dtransform truncate idtransform setlinewidth pop
 [] 0 setdash 1 setlinecap 1 setlinejoin 10 setmiterlimit
newpath 35.45 -36.53 moveto
35.45 -36.53 20.69 -18.9 21.05 -16.02 curveto
21.41 -13.14 25.01 -13.5 26.81 -14.22 curveto stroke
 0 0.7 dtransform truncate idtransform setlinewidth pop
newpath 23.25992 18.44995 moveto
23.25992 20.31673 26.06009 20.31673 26.06009 18.44995 curveto
26.06009 17.14679 24.66 16.25311 24.66 14.94995 curveto stroke
 0 1.68 dtransform truncate idtransform setlinewidth pop
newpath 24.66 12.85004 moveto 0 0 rlineto stroke
 0 0.7 dtransform truncate idtransform setlinewidth pop
newpath 7.41992 31.05995 moveto
7.41992 32.92673 10.2201 32.92673 10.2201 31.05995 curveto
10.2201 29.75679 8.82 28.86311 8.82 27.55995 curveto stroke
 0 1.68 dtransform truncate idtransform setlinewidth pop
newpath 8.82 25.46004 moveto 0 0 rlineto stroke
 0 0.7 dtransform truncate idtransform setlinewidth pop
newpath -36.85008 30.32996 moveto
-36.85008 32.19673 -34.04991 32.19673 -34.04991 30.32996 curveto
-34.04991 29.0268 -35.45 28.13312 -35.45 26.82996 curveto stroke
 0 1.68 dtransform truncate idtransform setlinewidth pop
newpath -35.45 24.73004 moveto 0 0 rlineto stroke
 0 1.4 dtransform truncate idtransform setlinewidth pop
newpath 27.89 -10.98 moveto
27.89 -10.98 19.97 -12.42 20.69 -9.54 curveto
21.41 -6.66 23.21 2.34 23.21 2.34 curveto
25.02 8.09 lineto stroke
newpath 21.42 9.53 moveto
21.42 9.53 20.7 5.93 18.54 2.7 curveto
16.37 -0.54 2.34 -2.7 3.78 0.18 curveto
5.22 3.06 8.46 2.7 8.1 5.22 curveto
7.74 7.74 4.5 8.82 5.22 12.06 curveto
5.94 15.3 7.74 17.46 7.74 17.46 curveto stroke
newpath 4.5 18.9 moveto
4.5 18.9 0.54 13.5 1.98 12.06 curveto
3.42 10.62 2.7 8.82 1.98 7.02 curveto
1.26 5.22 -1.26 1.26 -3.78 3.06 curveto
-6.3 4.86 -17.1 12.05 -17.1 14.21 curveto
-17.1 16.37 -17.82 21.41 -19.62 21.77 curveto
-21.42 22.13 -25.02 23.93 -25.02 23.93 curveto stroke
newpath -27.18 20.33 moveto
-27.18 20.33 -22.5 18.17 -22.5 16.01 curveto
-22.5 13.86 -26.1 13.86 -24.66 10.26 curveto
-23.22 6.66 -12.06 -10.62 -8.82 -11.34 curveto
-5.58 -12.06 11.69 -16.74 14.21 -19.98 curveto
16.73 -23.21 24.65 -39.77 24.65 -39.77 curveto stroke
 0.00002 0.00018 0.00008 setrgbcolor
newpath 17.18 -12.98 moveto
17.18 -12.51584 16.99559 -12.07076 16.6674 -11.74258 curveto
16.33923 -11.4144 15.89415 -11.23 15.43 -11.23 curveto
14.96584 -11.23 14.52075 -11.4144 14.19258 -11.74258 curveto
13.8644 -12.07076 13.68 -12.51584 13.68 -12.98 curveto
13.68 -13.44415 13.8644 -13.88924 14.19258 -14.2174 curveto
14.52075 -14.5456 14.96584 -14.73 15.43 -14.73 curveto
15.89415 -14.73 16.33923 -14.5456 16.6674 -14.2174 curveto
16.99559 -13.88924 17.18 -13.44415 17.18 -12.98 curveto closepath fill
 0 0 0 setrgbcolor 0 0.7 dtransform truncate idtransform setlinewidth pop
newpath 17.18 -12.98 moveto
17.18 -12.51584 16.99559 -12.07076 16.6674 -11.74258 curveto
16.33923 -11.4144 15.89415 -11.23 15.43 -11.23 curveto
14.96584 -11.23 14.52075 -11.4144 14.19258 -11.74258 curveto
13.8644 -12.07076 13.68 -12.51584 13.68 -12.98 curveto
13.68 -13.44415 13.8644 -13.88924 14.19258 -14.2174 curveto
14.52075 -14.5456 14.96584 -14.73 15.43 -14.73 curveto
15.89415 -14.73 16.33923 -14.5456 16.6674 -14.2174 curveto
16.99559 -13.88924 17.18 -13.44415 17.18 -12.98 curveto closepath stroke
 0.00002 0.00018 0.00008 setrgbcolor
newpath -6.65 -7.91 moveto
-6.65 -7.44585 -6.8344 -7.00076 -7.16258 -6.67259 curveto
-7.49075 -6.3444 -7.93584 -6.16 -8.4 -6.16 curveto
-8.86415 -6.16 -9.30923 -6.3444 -9.6374 -6.67259 curveto
-9.96559 -7.00076 -10.15 -7.44585 -10.15 -7.91 curveto
-10.15 -8.37416 -9.96559 -8.81924 -9.6374 -9.14742 curveto
-9.30923 -9.4756 -8.86415 -9.66 -8.4 -9.66 curveto
-7.93584 -9.66 -7.49075 -9.4756 -7.16258 -9.14742 curveto
-6.8344 -8.81924 -6.65 -8.37416 -6.65 -7.91 curveto closepath fill
 0 0 0 setrgbcolor
newpath -6.65 -7.91 moveto
-6.65 -7.44585 -6.8344 -7.00076 -7.16258 -6.67259 curveto
-7.49075 -6.3444 -7.93584 -6.16 -8.4 -6.16 curveto
-8.86415 -6.16 -9.30923 -6.3444 -9.6374 -6.67259 curveto
-9.96559 -7.00076 -10.15 -7.44585 -10.15 -7.91 curveto
-10.15 -8.37416 -9.96559 -8.81924 -9.6374 -9.14742 curveto
-9.30923 -9.4756 -8.86415 -9.66 -8.4 -9.66 curveto
-7.93584 -9.66 -7.49075 -9.4756 -7.16258 -9.14742 curveto
-6.8344 -8.81924 -6.65 -8.37416 -6.65 -7.91 curveto closepath stroke
 0.00002 0.00018 0.00008 setrgbcolor
newpath 6.2 6.36 moveto
6.2 6.82416 6.0156 7.26924 5.68741 7.59741 curveto
5.35924 7.9256 4.91415 8.11 4.45 8.11 curveto
3.98584 8.11 3.54076 7.9256 3.21259 7.59741 curveto
2.8844 7.26924 2.7 6.82416 2.7 6.36 curveto
2.7 5.89584 2.8844 5.45076 3.21259 5.12259 curveto
3.54076 4.7944 3.98584 4.61 4.45 4.61 curveto
4.91415 4.61 5.35924 4.7944 5.68741 5.12259 curveto
6.0156 5.45076 6.2 5.89584 6.2 6.36 curveto closepath fill
 0 0 0 setrgbcolor
newpath 6.2 6.36 moveto
6.2 6.82416 6.0156 7.26924 5.68741 7.59741 curveto
5.35924 7.9256 4.91415 8.11 4.45 8.11 curveto
3.98584 8.11 3.54076 7.9256 3.21259 7.59741 curveto
2.8844 7.26924 2.7 6.82416 2.7 6.36 curveto
2.7 5.89584 2.8844 5.45076 3.21259 5.12259 curveto
3.54076 4.7944 3.98584 4.61 4.45 4.61 curveto
4.91415 4.61 5.35924 4.7944 5.68741 5.12259 curveto
6.0156 5.45076 6.2 5.89584 6.2 6.36 curveto closepath stroke
 0.00002 0.00018 0.00008 setrgbcolor
newpath -21.17 19.4 moveto
-21.17 19.86415 -21.3544 20.30923 -21.68259 20.6374 curveto
-22.01076 20.96559 -22.45584 21.15 -22.92 21.15 curveto
-23.38416 21.15 -23.82924 20.96559 -24.15741 20.6374 curveto
-24.4856 20.30923 -24.67 19.86415 -24.67 19.4 curveto
-24.67 18.93584 -24.4856 18.49075 -24.15741 18.16258 curveto
-23.82924 17.8344 -23.38416 17.65 -22.92 17.65 curveto
-22.45584 17.65 -22.01076 17.8344 -21.68259 18.16258 curveto
-21.3544 18.49075 -21.17 18.93584 -21.17 19.4 curveto closepath fill
 0 0 0 setrgbcolor
newpath -21.17 19.4 moveto
-21.17 19.86415 -21.3544 20.30923 -21.68259 20.6374 curveto
-22.01076 20.96559 -22.45584 21.15 -22.92 21.15 curveto
-23.38416 21.15 -23.82924 20.96559 -24.15741 20.6374 curveto
-24.4856 20.30923 -24.67 19.86415 -24.67 19.4 curveto
-24.67 18.93584 -24.4856 18.49075 -24.15741 18.16258 curveto
-23.82924 17.8344 -23.38416 17.65 -22.92 17.65 curveto
-22.45584 17.65 -22.01076 17.8344 -21.68259 18.16258 curveto
-21.3544 18.49075 -21.17 18.93584 -21.17 19.4 curveto closepath stroke
showpage
%%EOF
