%!PS
%%BoundingBox: -192 -43 192 39 
%%HiResBoundingBox: -191.93001 -42.15 191.93001 38.6794 
%%Creator: MetaPost 1.999
%%CreationDate: 2017.01.29:1552
%%Pages: 1
%%BeginProlog
%%EndProlog
%%Page: 1 1
 0 0 0 setrgbcolor 0 1.4 dtransform truncate idtransform setlinewidth pop
 [] 0 setdash 1 setlinecap 1 setlinejoin 10 setmiterlimit
newpath 60.14 -41.45 moveto
60.14 -41.45 50.93 -20.92 47.67 -18.39 curveto
44.45 -15.88 34.53 -9.07 34.53 -9.07 curveto stroke
 0 0.7 dtransform truncate idtransform setlinewidth pop
newpath 37.15 -1.09 moveto
37.15 -1.09 25.4 11.81 -8.48 12.13 curveto
-42.6 12.45 -72.84 20.75 -118.16 2.04 curveto
-163.5 -16.69 -191.58 -34.31 -191.58 -34.31 curveto stroke
newpath -187.86987 -33.64261 moveto
-191.58 -34.31 lineto
-189.35376 -31.26791 lineto stroke
newpath 97.02 25.03 moveto
97.02 25.03 55.52 41.45 36.31 37.8 curveto
17.1 34.16 -26.08 14.64 -33.27 14.64 curveto
-40.45 14.64 -55.2 14.64 -55.2 14.64 curveto stroke
newpath -51.7 13.23991 moveto
-55.2 14.64 lineto
-51.7 16.04008 lineto stroke
 0 1.4 dtransform truncate idtransform setlinewidth pop
newpath 40.58 9.75 moveto
40.58 9.75 49.28 2.62 54.15 2.65 curveto
59.06 2.68 69.38 7.38 72.87 7.77 curveto
76.33 8.15 81.43 4.65 86.32 4.66 curveto
91.41 4.67 97.33 3.88 95.15 6.78 curveto
92.99 9.64 87.71 13.59 87.71 13.59 curveto stroke
newpath 82.37 -39.98 moveto
82.37 -39.98 74.56 -25.47 73.68 -19.4 curveto
72.83 -13.55 86.55 -9.84 91.44 -8.4 curveto
96.47 -6.92 93.34 -16.46 98.92 -20.5 curveto
104.35 -24.43 106.84 -17.45 116.21 -19.18 curveto
126 -20.99 126.67 -19.88 133.56 -16.67 curveto
140.5 -13.43 144.14 -3.38 144.14 -3.38 curveto stroke
 0 0.7 dtransform truncate idtransform setlinewidth pop
newpath 144.23 12.43 moveto
144.23 12.43 187.59 32.11 191.58 34.62 curveto stroke
newpath 187.85226 34.05927 moveto
191.58 34.62 lineto
189.26743 31.643 lineto stroke
 0 1.4 dtransform truncate idtransform setlinewidth pop
newpath 103.28 33.64 moveto
103.28 33.64 113.46 16.07 118.86 16.07 curveto
124.27 16.07 134.87 21.43 134.87 21.43 curveto stroke
 0.00002 0.00018 0.00008 setrgbcolor
newpath 63.31 -14.08 moveto
63.31 -13.61584 63.1256 -13.17076 62.79741 -12.84259 curveto
62.46924 -12.5144 62.02415 -12.33 61.56 -12.33 curveto
61.09584 -12.33 60.65076 -12.5144 60.32259 -12.84259 curveto
59.9944 -13.17076 59.81 -13.61584 59.81 -14.08 curveto
59.81 -14.54416 59.9944 -14.98924 60.32259 -15.31741 curveto
60.65076 -15.6456 61.09584 -15.83 61.56 -15.83 curveto
62.02415 -15.83 62.46924 -15.6456 62.79741 -15.31741 curveto
63.1256 -14.98924 63.31 -14.54416 63.31 -14.08 curveto closepath fill
 0 0 0 setrgbcolor 0 0.7 dtransform truncate idtransform setlinewidth pop
newpath 63.31 -14.08 moveto
63.31 -13.61584 63.1256 -13.17076 62.79741 -12.84259 curveto
62.46924 -12.5144 62.02415 -12.33 61.56 -12.33 curveto
61.09584 -12.33 60.65076 -12.5144 60.32259 -12.84259 curveto
59.9944 -13.17076 59.81 -13.61584 59.81 -14.08 curveto
59.81 -14.54416 59.9944 -14.98924 60.32259 -15.31741 curveto
60.65076 -15.6456 61.09584 -15.83 61.56 -15.83 curveto
62.02415 -15.83 62.46924 -15.6456 62.79741 -15.31741 curveto
63.1256 -14.98924 63.31 -14.54416 63.31 -14.08 curveto closepath stroke
 0.00002 0.00018 0.00008 setrgbcolor
newpath 89.2 1.23 moveto
89.2 1.69415 89.0156 2.13924 88.68741 2.4674 curveto
88.35924 2.7956 87.91415 2.98 87.45 2.98 curveto
86.98584 2.98 86.54076 2.7956 86.21259 2.4674 curveto
85.8844 2.13924 85.7 1.69415 85.7 1.23 curveto
85.7 0.76584 85.8844 0.32076 86.21259 -0.00742 curveto
86.54076 -0.3356 86.98584 -0.52 87.45 -0.52 curveto
87.91415 -0.52 88.35924 -0.3356 88.68741 -0.00742 curveto
89.0156 0.32076 89.2 0.76584 89.2 1.23 curveto closepath fill
 0 0 0 setrgbcolor
newpath 89.2 1.23 moveto
89.2 1.69415 89.0156 2.13924 88.68741 2.4674 curveto
88.35924 2.7956 87.91415 2.98 87.45 2.98 curveto
86.98584 2.98 86.54076 2.7956 86.21259 2.4674 curveto
85.8844 2.13924 85.7 1.69415 85.7 1.23 curveto
85.7 0.76584 85.8844 0.32076 86.21259 -0.00742 curveto
86.54076 -0.3356 86.98584 -0.52 87.45 -0.52 curveto
87.91415 -0.52 88.35924 -0.3356 88.68741 -0.00742 curveto
89.0156 0.32076 89.2 0.76584 89.2 1.23 curveto closepath stroke
 0.00002 0.00018 0.00008 setrgbcolor
newpath 120.16 -7.77 moveto
120.16 -7.30585 119.9756 -6.86076 119.64742 -6.5326 curveto
119.31924 -6.2044 118.87416 -6.02 118.41 -6.02 curveto
117.94585 -6.02 117.50076 -6.2044 117.17259 -6.5326 curveto
116.8444 -6.86076 116.66 -7.30585 116.66 -7.77 curveto
116.66 -8.23416 116.8444 -8.67924 117.17259 -9.00742 curveto
117.50076 -9.3356 117.94585 -9.52 118.41 -9.52 curveto
118.87416 -9.52 119.31924 -9.3356 119.64742 -9.00742 curveto
119.9756 -8.67924 120.16 -8.23416 120.16 -7.77 curveto closepath fill
 0 0 0 setrgbcolor
newpath 120.16 -7.77 moveto
120.16 -7.30585 119.9756 -6.86076 119.64742 -6.5326 curveto
119.31924 -6.2044 118.87416 -6.02 118.41 -6.02 curveto
117.94585 -6.02 117.50076 -6.2044 117.17259 -6.5326 curveto
116.8444 -6.86076 116.66 -7.30585 116.66 -7.77 curveto
116.66 -8.23416 116.8444 -8.67924 117.17259 -9.00742 curveto
117.50076 -9.3356 117.94585 -9.52 118.41 -9.52 curveto
118.87416 -9.52 119.31924 -9.3356 119.64742 -9.00742 curveto
119.9756 -8.67924 120.16 -8.23416 120.16 -7.77 curveto closepath stroke
showpage
%%EOF
