%!PS
%%BoundingBox: -102 -26 92 39 
%%HiResBoundingBox: -101.69493 -25.94096 91.91 38.34999 
%%Creator: MetaPost 1.999
%%CreationDate: 2017.01.29:1559
%%Pages: 1
%%BeginProlog
%%EndProlog
%%Page: 1 1
 0 0 0 setrgbcolor 0 1.4 dtransform truncate idtransform setlinewidth pop
 [] 0 setdash 1 setlinecap 1 setlinejoin 10 setmiterlimit
newpath 75.72 5.35 moveto
75.72 5.35 67.65 1.69 64.83 1.65 curveto
62 1.61 58.81 2.63 58.81 2.63 curveto stroke
newpath 50.66 4.26 moveto
45.05 2.38 28.21 -2.53 23.98 -2.57 curveto
19.76 -2.62 7.47 -3.75 -1.34 -2.37 curveto
-10.13 -0.99 -18.56 4.31 -24.87 6.41 curveto
-31.19 8.52 -55.87 20.26 -59.4 22.39 curveto
-62.93 24.52 -82.01 37.65 -82.01 37.65 curveto stroke
newpath -90.53 23.52 moveto
-90.53 23.52 -54.83 0.44 -46.35 -3.45 curveto
-37.9 -7.32 -12.94 -15.43 -6.25 -17.89 curveto
0.46 -20.36 16.38 -25.32 25.94 -25.24 curveto
35.51 -25.16 80.04 -17.46 84.62 -15.96 curveto
89.2 -14.45 89.12 -4.83 91.21 -0.56 curveto stroke
 0 0.49 dtransform truncate idtransform setlinewidth pop
newpath -101.44992 8.38008 moveto
-90.24988 8.38008 lineto
-90.24988 19.58012 lineto
-101.44992 19.58012 lineto
 closepath stroke
 0 0.7 dtransform truncate idtransform setlinewidth pop
newpath -98.64996 16.77995 moveto
-99.10541 15.08005 -97.54991 13.52455 -95.85 13.98 curveto
-95.1667 14.16307 -94.633 14.69678 -94.44992 15.38008 curveto
-94.44992 8.38008 lineto stroke
 0 2.5199 dtransform truncate idtransform setlinewidth pop
newpath -98.64996 16.77995 moveto 0 0 rlineto stroke
newpath -94.44992 15.38008 moveto 0 0 rlineto stroke
 0 0.7 dtransform truncate idtransform setlinewidth pop
newpath 57.32 -16.22 moveto
79.73 0.42 lineto stroke
newpath 73.98212 -1.2324 moveto
79.73 0.42 lineto
76.48584 -4.60432 lineto
 closepath fill
newpath 73.98212 -1.2324 moveto
79.73 0.42 lineto
76.48584 -4.60432 lineto
 closepath stroke
newpath 58.81 2.63 moveto
58.81 2.63 63.23 14.77 64.64 15.5 curveto
66.04 16.24 71.91 27.69 71.91 27.69 curveto stroke
newpath 69.41 29.76 moveto
69.41 29.76 62.44 21.85 60.72 18.63 curveto
59 15.4 50.66 4.26 50.66 4.26 curveto stroke
 0.00002 0.00018 0.00008 setrgbcolor
newpath 81.2 -14.02 moveto
81.2 -13.55585 81.0156 -13.11076 80.68741 -12.7826 curveto
80.35924 -12.4544 79.91415 -12.27 79.45 -12.27 curveto
78.98584 -12.27 78.54076 -12.4544 78.21259 -12.7826 curveto
77.8844 -13.11076 77.7 -13.55585 77.7 -14.02 curveto
77.7 -14.48416 77.8844 -14.92924 78.21259 -15.25742 curveto
78.54076 -15.5856 78.98584 -15.77 79.45 -15.77 curveto
79.91415 -15.77 80.35924 -15.5856 80.68741 -15.25742 curveto
81.0156 -14.92924 81.2 -14.48416 81.2 -14.02 curveto closepath fill
 0 0 0 setrgbcolor
newpath 81.2 -14.02 moveto
81.2 -13.55585 81.0156 -13.11076 80.68741 -12.7826 curveto
80.35924 -12.4544 79.91415 -12.27 79.45 -12.27 curveto
78.98584 -12.27 78.54076 -12.4544 78.21259 -12.7826 curveto
77.8844 -13.11076 77.7 -13.55585 77.7 -14.02 curveto
77.7 -14.48416 77.8844 -14.92924 78.21259 -15.25742 curveto
78.54076 -15.5856 78.98584 -15.77 79.45 -15.77 curveto
79.91415 -15.77 80.35924 -15.5856 80.68741 -15.25742 curveto
81.0156 -14.92924 81.2 -14.48416 81.2 -14.02 curveto closepath stroke
 0.00002 0.00018 0.00008 setrgbcolor
newpath 27.74 -20.34 moveto
27.74 -19.87584 27.5556 -19.43076 27.22742 -19.10258 curveto
26.89925 -18.7744 26.45416 -18.59 25.99 -18.59 curveto
25.52585 -18.59 25.08076 -18.7744 24.7526 -19.10258 curveto
24.42441 -19.43076 24.24 -19.87584 24.24 -20.34 curveto
24.24 -20.80415 24.42441 -21.24924 24.7526 -21.57741 curveto
25.08076 -21.9056 25.52585 -22.09 25.99 -22.09 curveto
26.45416 -22.09 26.89925 -21.9056 27.22742 -21.57741 curveto
27.5556 -21.24924 27.74 -20.80415 27.74 -20.34 curveto closepath fill
 0 0 0 setrgbcolor
newpath 27.74 -20.34 moveto
27.74 -19.87584 27.5556 -19.43076 27.22742 -19.10258 curveto
26.89925 -18.7744 26.45416 -18.59 25.99 -18.59 curveto
25.52585 -18.59 25.08076 -18.7744 24.7526 -19.10258 curveto
24.42441 -19.43076 24.24 -19.87584 24.24 -20.34 curveto
24.24 -20.80415 24.42441 -21.24924 24.7526 -21.57741 curveto
25.08076 -21.9056 25.52585 -22.09 25.99 -22.09 curveto
26.45416 -22.09 26.89925 -21.9056 27.22742 -21.57741 curveto
27.5556 -21.24924 27.74 -20.80415 27.74 -20.34 curveto closepath stroke
 0.00002 0.00018 0.00008 setrgbcolor
newpath -3.43 -13.23 moveto
-3.43 -12.76584 -3.6144 -12.32076 -3.94258 -11.99258 curveto
-4.27075 -11.6644 -4.71584 -11.48 -5.18 -11.48 curveto
-5.64415 -11.48 -6.08923 -11.6644 -6.4174 -11.99258 curveto
-6.74559 -12.32076 -6.93 -12.76584 -6.93 -13.23 curveto
-6.93 -13.69415 -6.74559 -14.13924 -6.4174 -14.4674 curveto
-6.08923 -14.7956 -5.64415 -14.98 -5.18 -14.98 curveto
-4.71584 -14.98 -4.27075 -14.7956 -3.94258 -14.4674 curveto
-3.6144 -14.13924 -3.43 -13.69415 -3.43 -13.23 curveto closepath fill
 0 0 0 setrgbcolor
newpath -3.43 -13.23 moveto
-3.43 -12.76584 -3.6144 -12.32076 -3.94258 -11.99258 curveto
-4.27075 -11.6644 -4.71584 -11.48 -5.18 -11.48 curveto
-5.64415 -11.48 -6.08923 -11.6644 -6.4174 -11.99258 curveto
-6.74559 -12.32076 -6.93 -12.76584 -6.93 -13.23 curveto
-6.93 -13.69415 -6.74559 -14.13924 -6.4174 -14.4674 curveto
-6.08923 -14.7956 -5.64415 -14.98 -5.18 -14.98 curveto
-4.71584 -14.98 -4.27075 -14.7956 -3.94258 -14.4674 curveto
-3.6144 -14.13924 -3.43 -13.69415 -3.43 -13.23 curveto closepath stroke
 0.00002 0.00018 0.00008 setrgbcolor
newpath -40.78 4.21 moveto
-40.78 4.67416 -40.9644 5.11925 -41.29259 5.44742 curveto
-41.62076 5.7756 -42.06584 5.96 -42.53 5.96 curveto
-42.99416 5.96 -43.43924 5.7756 -43.76741 5.44742 curveto
-44.0956 5.11925 -44.28 4.67416 -44.28 4.21 curveto
-44.28 3.74585 -44.0956 3.30077 -43.76741 2.9726 curveto
-43.43924 2.64441 -42.99416 2.46 -42.53 2.46 curveto
-42.06584 2.46 -41.62076 2.64441 -41.29259 2.9726 curveto
-40.9644 3.30077 -40.78 3.74585 -40.78 4.21 curveto closepath fill
 0 0 0 setrgbcolor
newpath -40.78 4.21 moveto
-40.78 4.67416 -40.9644 5.11925 -41.29259 5.44742 curveto
-41.62076 5.7756 -42.06584 5.96 -42.53 5.96 curveto
-42.99416 5.96 -43.43924 5.7756 -43.76741 5.44742 curveto
-44.0956 5.11925 -44.28 4.67416 -44.28 4.21 curveto
-44.28 3.74585 -44.0956 3.30077 -43.76741 2.9726 curveto
-43.43924 2.64441 -42.99416 2.46 -42.53 2.46 curveto
-42.06584 2.46 -41.62076 2.64441 -41.29259 2.9726 curveto
-40.9644 3.30077 -40.78 3.74585 -40.78 4.21 curveto closepath stroke
 0.00002 0.00018 0.00008 setrgbcolor
newpath -73.18 23.79 moveto
-73.18 24.25415 -73.3644 24.69923 -73.69258 25.0274 curveto
-74.02075 25.35559 -74.46584 25.54 -74.93 25.54 curveto
-75.39415 25.54 -75.83923 25.35559 -76.1674 25.0274 curveto
-76.49559 24.69923 -76.68 24.25415 -76.68 23.79 curveto
-76.68 23.32584 -76.49559 22.88075 -76.1674 22.55258 curveto
-75.83923 22.2244 -75.39415 22.04 -74.93 22.04 curveto
-74.46584 22.04 -74.02075 22.2244 -73.69258 22.55258 curveto
-73.3644 22.88075 -73.18 23.32584 -73.18 23.79 curveto closepath fill
 0 0 0 setrgbcolor
newpath -73.18 23.79 moveto
-73.18 24.25415 -73.3644 24.69923 -73.69258 25.0274 curveto
-74.02075 25.35559 -74.46584 25.54 -74.93 25.54 curveto
-75.39415 25.54 -75.83923 25.35559 -76.1674 25.0274 curveto
-76.49559 24.69923 -76.68 24.25415 -76.68 23.79 curveto
-76.68 23.32584 -76.49559 22.88075 -76.1674 22.55258 curveto
-75.83923 22.2244 -75.39415 22.04 -74.93 22.04 curveto
-74.46584 22.04 -74.02075 22.2244 -73.69258 22.55258 curveto
-73.3644 22.88075 -73.18 23.32584 -73.18 23.79 curveto closepath stroke
showpage
%%EOF
